positions	A	T	G	C
1	109	95	35	38
2	104	97	29	47
3	102	97	33	45
4	91	109	27	50
5	93	99	41	44
6	99	103	33	42
7	98	92	36	51
8	107	76	38	56
9	91	97	36	53
10	91	94	46	46
11	97	106	34	40
12	82	101	45	49
13	90	99	34	54
14	88	98	33	58
15	85	118	31	43
16	88	111	34	44
17	93	109	30	45
18	90	109	30	48
19	73	113	35	56
20	78	122	30	47
21	95	119	29	34
22	89	118	24	46
23	88	118	20	51
24	76	119	34	48
25	84	106	30	57
26	86	121	25	45
27	72	113	25	67
28	68	127	24	58
29	74	124	26	53
30	61	127	33	56
31	72	136	20	49
32	79	143	11	44
33	41	185	23	28
34	51	157	27	42
35	92	127	27	31
36	95	103	34	45
37	94	131	19	33
38	139	77	37	24
39	13	141	0	123
40	277	0	0	0
41	0	0	277	0
