positions	A	T	G	C
1	0	0	573	0
2	0	570	0	3
3	326	87	152	8
4	389	93	48	43
5	64	60	429	20
6	117	360	39	57
7	124	330	66	53
8	167	264	74	68
9	165	264	56	88
10	210	238	62	63
11	191	225	82	75
12	187	233	94	59
13	187	248	85	53
14	184	261	64	64
15	192	236	72	73
16	205	228	63	77
17	205	228	76	64
18	198	243	62	70
19	196	237	66	74
20	203	229	68	73
21	179	246	73	75
22	206	215	80	72
23	199	207	91	76
24	196	221	74	82
25	214	227	74	58
26	202	208	83	80
27	188	248	72	65
28	207	206	82	78
29	230	197	69	77
30	231	196	86	60
31	209	216	76	72
32	200	218	86	69
33	224	188	78	83
34	212	221	59	81
35	205	211	70	87
36	236	199	67	71
37	253	214	45	61
38	216	228	54	75
39	212	228	61	72
40	216	225	52	80
41	219	212	59	83
42	241	208	43	81
43	285	180	38	70
44	298	175	33	67
45	263	188	47	75
46	247	225	34	67
47	213	230	42	88
48	196	245	60	72
49	196	248	51	78
50	204	232	56	81
51	228	228	48	69
52	253	215	34	71
53	243	232	47	51
54	179	323	22	49
55	33	498	13	29
56	4	555	3	11
57	54	381	48	90
58	22	100	4	447
59	573	0	0	0
60	0	0	573	0
