positions	A	T	G	C
1	0	0	162	0
2	0	155	0	7
3	109	12	36	5
4	125	20	12	5
5	30	7	116	9
6	35	88	19	20
7	57	53	34	17
8	46	59	27	29
9	57	50	26	28
10	50	56	23	32
11	53	44	28	36
12	62	53	22	24
13	43	67	27	24
14	47	58	26	30
15	49	48	34	30
16	59	55	23	24
17	45	63	29	24
18	52	55	27	27
19	39	66	18	38
20	49	57	30	25
21	34	72	31	24
22	47	62	22	30
23	43	47	32	39
24	56	49	29	27
25	46	52	34	29
26	46	62	23	30
27	41	63	28	29
28	47	61	26	27
29	48	52	36	25
30	49	61	31	20
31	46	60	30	25
32	48	65	24	24
33	47	55	28	31
34	49	52	33	27
35	46	55	24	36
36	48	47	34	32
37	48	60	25	28
38	44	61	23	33
39	58	57	21	25
40	46	58	33	24
41	61	50	28	22
42	47	57	25	32
43	52	55	28	26
44	58	54	30	19
45	48	60	21	32
46	48	54	36	23
47	51	40	30	40
48	48	65	25	23
49	59	51	26	25
50	36	59	41	25
51	42	52	37	30
52	38	57	42	24
53	45	53	27	36
54	51	48	34	28
55	57	49	39	16
56	62	51	31	17
57	51	45	36	30
58	55	60	28	19
59	49	54	38	21
60	47	58	34	23
61	41	56	37	28
62	47	50	36	29
63	52	49	32	29
64	37	50	40	35
65	65	53	23	21
66	47	52	33	30
67	50	50	32	30
68	50	57	31	24
69	50	49	38	25
70	59	65	21	17
71	45	51	36	30
72	46	41	35	40
73	50	50	33	29
74	48	60	28	26
75	47	51	30	34
76	58	52	28	24
77	42	64	27	29
78	48	49	34	31
79	51	53	29	29
80	60	53	24	25
81	56	47	33	26
82	48	46	38	30
83	64	47	25	26
84	68	45	29	20
85	43	63	31	25
86	41	64	31	26
87	61	51	29	21
88	53	58	18	33
89	45	52	32	33
90	49	55	25	33
91	48	57	25	32
92	48	60	28	26
93	42	52	37	31
94	53	57	33	19
95	47	54	29	32
96	56	54	28	24
97	41	62	40	19
98	57	57	27	21
99	46	56	31	29
100	56	51	34	21
101	43	59	32	28
102	58	47	30	27
103	57	51	36	18
104	55	57	28	22
105	50	55	31	26
106	35	73	29	25
107	55	61	19	27
108	42	61	34	25
109	44	60	38	20
110	49	58	33	22
111	45	60	31	26
112	46	63	30	23
113	52	56	33	21
114	38	63	32	29
115	57	60	22	23
116	42	66	29	25
117	40	61	35	26
118	50	64	25	23
119	43	49	34	36
120	53	52	24	33
121	55	49	28	30
122	57	56	26	23
123	52	61	18	31
124	54	54	31	23
125	47	56	32	27
126	44	61	27	30
127	51	56	34	21
128	48	61	22	31
129	52	63	23	24
130	50	59	27	26
131	62	54	17	29
132	47	62	28	25
133	45	56	33	28
134	44	67	25	26
135	57	46	26	33
136	54	65	19	24
137	53	58	32	19
138	46	53	39	24
139	52	62	28	20
140	64	56	21	21
141	54	52	36	20
142	41	59	37	25
143	38	61	25	38
144	56	51	37	18
145	57	55	24	26
146	49	58	29	26
147	55	52	30	25
148	46	63	30	23
149	48	58	31	25
150	53	51	32	26
151	66	47	22	27
152	60	51	26	25
153	47	53	30	32
154	52	61	21	28
155	62	51	23	26
156	63	56	23	20
157	50	64	23	25
158	47	57	31	27
159	53	61	29	19
160	59	49	28	26
161	54	44	29	35
162	51	59	32	20
163	48	59	30	25
164	49	53	37	23
165	48	52	35	27
166	54	60	19	29
167	64	43	25	30
168	56	53	31	22
169	44	69	32	17
170	40	66	40	16
171	42	62	33	25
172	52	54	32	24
173	47	56	31	28
174	48	63	26	25
175	48	54	31	29
176	53	53	25	31
177	48	68	23	23
178	53	63	19	27
179	47	72	26	17
180	50	48	34	30
181	55	44	34	29
182	53	59	28	22
183	54	62	28	18
184	60	47	34	21
185	51	61	25	25
186	45	60	31	26
187	52	66	21	23
188	49	59	25	29
189	39	66	31	26
190	53	51	38	20
191	50	60	27	25
192	52	57	27	26
193	43	66	36	17
194	65	50	29	18
195	50	59	31	22
196	49	48	33	32
197	53	53	29	27
198	65	53	29	15
199	44	56	29	33
200	54	57	30	21
201	56	58	27	21
202	53	59	20	30
203	39	67	34	22
204	49	63	28	22
205	50	59	31	22
206	50	57	30	25
207	54	49	32	27
208	47	50	37	28
209	60	57	27	18
210	53	54	32	23
211	51	52	32	27
212	66	48	24	24
213	57	57	23	25
214	57	47	28	30
215	64	55	21	22
216	59	49	32	22
217	56	59	29	18
218	45	55	33	29
219	55	48	33	26
220	52	56	29	25
221	42	62	29	29
222	50	65	24	23
223	55	56	20	31
224	63	51	24	24
225	57	55	28	22
226	60	52	26	24
227	48	57	27	30
228	56	58	23	25
229	41	69	33	19
230	61	51	27	23
231	50	61	28	23
232	55	63	27	17
233	66	48	26	22
234	53	60	25	24
235	45	64	30	23
236	53	45	41	23
237	58	54	27	23
238	53	59	23	27
239	69	49	24	20
240	50	57	31	24
241	47	59	33	23
242	54	55	24	29
243	48	65	20	29
244	50	59	30	23
245	58	57	28	19
246	59	47	30	26
247	51	52	26	33
248	55	52	31	24
249	53	58	26	25
250	62	47	30	23
251	52	57	31	22
252	59	70	10	23
253	47	50	39	26
254	52	63	22	25
255	38	49	41	34
256	51	59	22	29
257	57	53	33	18
258	41	60	33	27
259	46	56	27	32
260	58	45	27	31
261	53	52	27	29
262	50	53	33	25
263	56	51	26	28
264	55	54	29	23
265	44	69	19	29
266	39	61	32	29
267	55	57	31	18
268	49	55	25	32
269	56	42	30	33
270	51	62	26	22
271	53	50	20	38
272	57	42	33	29
273	53	60	25	23
274	45	50	37	29
275	53	61	30	17
276	45	63	32	21
277	54	51	20	36
278	46	58	34	23
279	50	47	30	34
280	54	54	23	30
281	55	59	20	27
282	48	61	25	27
283	44	64	28	25
284	42	69	22	28
285	50	61	31	19
286	58	59	18	26
287	60	48	27	26
288	60	48	29	24
289	53	57	30	21
290	46	58	34	23
291	61	52	21	27
292	49	61	28	23
293	63	49	28	21
294	46	65	22	28
295	69	42	25	25
296	57	55	23	26
297	51	57	36	17
298	54	58	24	25
299	57	54	27	23
300	52	57	38	14
301	58	52	30	21
302	44	56	36	25
303	51	57	24	29
304	53	60	34	14
305	46	65	32	18
306	45	62	24	31
307	57	60	19	26
308	43	60	28	31
309	49	60	28	25
310	52	48	36	26
311	56	58	25	23
312	57	49	32	24
313	45	73	20	24
314	52	68	22	20
315	61	50	28	23
316	64	50	27	21
317	55	55	27	25
318	54	47	30	31
319	45	45	39	33
320	50	51	26	35
321	50	53	30	29
322	47	55	32	28
323	50	57	31	24
324	58	55	26	23
325	58	44	29	31
326	43	68	24	27
327	48	57	30	27
328	54	53	30	25
329	50	64	30	18
330	58	47	37	20
331	65	61	20	16
332	58	57	27	20
333	52	48	36	26
334	69	53	18	22
335	48	58	32	24
336	47	46	37	32
337	60	56	21	25
338	52	49	32	29
339	49	62	24	27
340	56	56	22	28
341	53	56	26	27
342	50	69	26	17
343	49	58	32	23
344	53	47	38	24
345	59	52	25	26
346	53	58	25	26
347	48	61	31	22
348	58	49	26	29
349	43	63	28	28
350	43	58	36	25
351	51	61	30	20
352	59	52	26	25
353	47	54	29	32
354	53	59	22	28
355	60	55	23	24
356	47	62	26	27
357	36	67	28	31
358	57	56	26	23
359	54	62	25	21
360	48	60	30	24
361	47	56	30	29
362	50	66	29	17
363	47	57	30	28
364	55	57	28	22
365	55	50	29	28
366	52	57	21	32
367	63	50	28	21
368	65	41	32	24
369	65	49	19	29
370	57	51	26	28
371	56	54	19	33
372	58	49	27	28
373	44	50	38	30
374	53	57	25	27
375	57	55	28	22
376	59	52	27	24
377	38	65	30	29
378	48	58	30	26
379	64	47	17	34
380	59	45	28	30
381	62	47	24	29
382	55	55	22	30
383	48	56	25	33
384	53	57	32	20
385	49	66	20	27
386	44	60	32	26
387	53	56	29	24
388	48	59	29	26
389	53	51	29	29
390	53	53	25	31
391	51	56	28	27
392	46	63	23	30
393	50	49	26	37
394	58	55	29	20
395	46	64	25	27
396	50	62	32	18
397	55	40	37	30
398	45	47	40	30
399	61	53	23	25
400	49	58	27	28
401	47	49	28	38
402	49	55	18	40
403	48	49	27	38
404	59	54	27	22
405	49	57	27	29
406	59	53	29	21
407	56	50	28	28
408	57	62	20	23
409	53	55	26	28
410	60	54	23	25
411	55	56	21	30
412	56	52	29	25
413	62	43	28	29
414	64	45	28	25
415	45	67	23	27
416	54	53	27	28
417	43	59	26	34
418	55	61	21	25
419	50	53	36	23
420	44	57	30	30
421	54	60	21	26
422	60	53	20	28
423	57	51	34	19
424	40	60	25	36
425	48	61	29	23
426	49	65	19	28
427	50	61	26	24
428	48	50	39	24
429	51	52	33	25
430	46	62	23	30
431	60	64	19	18
432	35	51	34	41
433	45	64	22	30
434	45	58	30	28
435	58	56	20	27
436	47	65	24	25
437	41	70	23	27
438	63	53	20	25
439	53	58	23	27
440	53	60	23	25
441	60	51	26	24
442	63	46	22	30
443	54	59	24	24
444	57	57	24	23
445	45	65	26	25
446	42	66	27	26
447	57	53	28	23
448	51	63	20	27
449	54	52	17	38
450	56	53	16	36
451	54	52	25	30
452	47	54	24	36
453	51	75	18	17
454	54	62	23	22
455	52	58	25	26
456	65	52	20	24
457	55	38	36	32
458	62	51	18	30
459	41	62	27	31
460	43	63	30	25
461	59	60	13	29
462	63	55	27	16
463	45	68	24	24
464	58	53	16	34
465	46	77	18	20
466	57	61	17	26
467	51	62	14	34
468	59	59	19	24
469	44	70	16	31
470	50	75	15	22
471	55	59	24	24
472	51	61	20	30
473	42	75	21	24
474	43	62	25	32
475	41	74	22	25
476	44	75	13	30
477	57	63	21	21
478	35	76	17	34
479	33	82	19	28
480	33	86	17	26
481	31	87	19	25
482	39	79	20	24
483	29	85	19	29
484	29	95	14	24
485	24	91	15	32
486	24	95	14	28
487	20	90	14	38
488	22	73	23	44
489	15	104	12	31
490	16	99	15	32
491	18	102	11	31
492	40	67	21	34
493	34	77	18	33
494	24	86	18	34
495	18	91	15	38
496	22	90	18	32
497	49	44	35	34
498	8	53	3	98
499	162	0	0	0
500	0	0	162	0
