positions	A	T	G	C
1	1	0	2144	0
2	0	2110	0	35
3	1375	389	295	86
4	1165	588	114	278
5	448	440	1045	212
6	542	1036	264	303
7	693	847	255	350
8	616	884	240	405
9	598	875	193	479
10	599	902	207	437
11	613	862	238	432
12	647	866	231	401
13	615	897	232	401
14	588	864	220	473
15	575	856	248	466
16	622	810	237	476
17	631	858	232	424
18	567	882	257	439
19	579	908	242	416
20	584	902	252	407
21	611	874	285	375
22	527	935	279	404
23	577	889	293	386
24	567	863	299	416
25	574	874	323	374
26	595	894	317	339
27	584	906	280	375
28	579	895	301	370
29	584	925	273	363
30	567	925	301	352
31	565	887	315	378
32	587	878	317	363
33	576	900	316	353
34	601	852	329	363
35	550	895	306	394
36	618	875	302	350
37	595	882	316	352
38	596	873	314	362
39	579	881	324	361
40	620	889	296	340
41	586	885	337	337
42	551	915	333	346
43	597	868	330	350
44	590	901	365	289
45	591	864	368	322
46	600	841	334	370
47	597	881	336	331
48	615	855	339	336
49	559	863	374	349
50	587	864	382	312
51	576	861	393	315
52	547	904	387	307
53	587	867	380	311
54	592	860	380	313
55	594	876	370	305
56	624	818	358	345
57	681	837	327	300
58	649	849	325	322
59	653	843	346	303
60	677	851	334	283
61	611	876	319	339
62	638	879	308	320
63	590	877	332	346
64	664	875	312	294
65	654	869	327	295
66	595	899	329	322
67	623	904	312	306
68	620	880	345	300
69	541	919	370	315
70	584	949	304	308
71	491	992	358	304
72	467	1014	366	298
73	448	988	392	317
74	471	1024	369	281
75	377	1083	385	300
76	417	1059	351	318
77	423	1120	321	281
78	367	1135	316	327
79	414	1087	355	289
80	378	1090	353	324
81	484	996	370	295
82	447	1037	311	350
83	443	1061	351	290
84	433	1048	350	314
85	431	1111	313	290
86	349	1356	206	234
87	544	601	833	167
88	147	596	15	1387
89	2145	0	0	0
90	0	0	2144	1
