positions	A	T	G	C
1	4	0	1141	7
2	5	1137	7	3
3	750	139	189	74
4	572	291	102	187
5	207	231	606	108
6	238	523	151	240
7	329	396	186	241
8	290	413	129	320
9	295	424	139	294
10	273	445	162	272
11	262	460	186	244
12	293	404	188	267
13	263	442	160	287
14	269	420	177	286
15	283	430	135	304
16	268	438	145	301
17	284	453	157	258
18	291	418	174	269
19	289	462	146	255
20	254	458	199	241
21	293	445	150	264
22	300	436	179	237
23	267	433	195	257
24	293	458	179	222
25	279	443	187	243
26	281	445	190	236
27	293	455	175	229
28	293	476	159	224
29	253	466	221	212
30	302	446	182	222
31	286	456	183	227
32	287	463	172	230
33	310	455	176	211
34	268	440	204	240
35	285	471	185	211
36	279	456	206	211
37	286	469	168	229
38	301	435	208	208
39	297	444	186	225
40	275	454	192	231
41	300	436	213	203
42	245	466	206	235
43	304	439	199	210
44	299	455	192	206
45	290	435	212	215
46	292	450	202	208
47	311	440	185	216
48	264	440	232	216
49	320	423	202	207
50	311	433	188	220
51	324	431	210	187
52	267	455	222	208
53	306	420	206	220
54	300	449	198	205
55	312	419	236	185
56	315	415	202	220
57	296	454	204	198
58	307	442	205	198
59	331	429	198	194
60	323	445	187	197
61	352	433	163	204
62	338	416	203	195
63	341	430	183	198
64	316	462	200	174
65	342	395	196	219
66	336	443	172	201
67	315	444	174	219
68	318	453	189	192
69	338	440	173	201
70	279	476	188	209
71	283	479	187	203
72	283	486	175	208
73	240	506	201	205
74	265	493	176	218
75	211	548	173	220
76	247	498	195	212
77	238	526	162	226
78	220	556	171	205
79	213	552	181	206
80	182	552	196	222
81	181	498	235	238
82	240	517	184	211
83	232	517	201	202
84	221	546	174	211
85	222	520	206	204
86	135	749	113	155
87	215	292	529	116
88	52	258	6	836
89	1140	4	5	3
90	1	2	1145	4
