positions	A	T	G	C
1	51	78	32	59
2	57	58	42	63
3	54	68	41	57
4	56	62	45	57
5	56	63	41	60
6	46	62	50	62
7	46	68	49	57
8	72	51	37	60
9	59	56	51	54
10	47	58	42	73
11	45	58	57	60
12	51	63	42	64
13	52	81	32	55
14	59	65	39	57
15	62	56	45	57
16	60	54	62	44
17	68	60	35	57
18	57	55	49	59
19	60	62	37	61
20	67	64	37	52
21	72	62	25	61
22	77	63	27	53
23	77	72	23	48
24	82	66	22	50
25	77	77	12	54
26	91	67	12	50
27	101	39	14	66
28	82	58	16	64
29	94	53	22	51
30	85	58	20	57
31	70	54	21	75
32	49	79	30	62
33	46	76	31	67
34	59	74	26	61
35	51	81	39	49
36	51	89	28	52
37	49	92	15	64
38	84	34	64	38
39	23	46	2	149
40	220	0	0	0
41	0	0	220	0
