positions	A	T	G	C
1	0	0	434	0
2	0	431	0	3
3	254	49	97	34
4	201	109	37	87
5	77	68	255	34
6	77	211	48	98
7	108	158	90	78
8	89	175	79	91
9	103	158	71	102
10	103	159	73	99
11	109	166	68	91
12	89	161	84	100
13	107	173	59	95
14	98	155	68	113
15	94	148	80	112
16	95	149	77	113
17	110	151	76	97
18	111	150	65	108
19	108	155	76	95
20	100	169	54	111
21	111	167	65	91
22	111	165	73	85
23	92	161	89	92
24	106	168	75	85
25	114	151	78	91
26	110	165	78	81
27	96	161	89	88
28	111	147	88	88
29	102	163	100	69
30	102	150	95	87
31	111	154	85	84
32	102	170	81	81
33	113	162	81	78
34	97	172	91	74
35	118	163	82	71
36	109	154	91	80
37	108	159	77	90
38	121	145	99	69
39	106	163	90	75
40	100	153	96	85
41	93	163	98	80
42	102	168	82	82
43	106	149	101	78
44	102	167	96	69
45	109	140	100	85
46	107	149	107	71
47	119	155	89	71
48	91	158	102	83
49	106	167	84	77
50	117	149	103	65
51	113	158	87	76
52	125	165	71	73
53	110	167	91	66
54	107	156	99	72
55	111	152	90	81
56	104	155	103	72
57	107	142	99	86
58	110	160	84	80
59	112	145	94	83
60	109	162	109	54
61	103	150	99	82
62	116	159	96	63
63	110	172	91	61
64	125	143	89	77
65	104	159	91	80
66	125	138	94	77
67	134	147	81	72
68	106	162	82	84
69	110	150	107	67
70	100	162	89	83
71	106	164	98	65
72	102	161	95	75
73	100	163	94	76
74	96	152	95	90
75	110	153	82	88
76	118	141	91	83
77	122	159	90	62
78	119	134	95	85
79	111	156	93	73
80	110	151	88	84
81	100	140	97	96
82	106	143	86	98
83	128	153	87	65
84	126	139	99	69
85	113	140	90	90
86	115	143	98	77
87	114	153	89	77
88	115	157	86	75
89	109	160	94	70
90	111	154	93	74
91	110	144	90	88
92	118	135	101	78
93	111	152	89	80
94	119	146	87	80
95	95	157	98	82
96	118	135	84	95
97	136	144	79	73
98	122	149	97	64
99	117	164	85	66
100	111	159	84	78
101	93	178	82	79
102	110	155	98	69
103	107	151	93	81
104	101	154	102	75
105	128	158	84	62
106	99	150	98	85
107	108	167	91	66
108	120	169	85	58
109	92	161	99	80
110	113	151	93	75
111	116	148	105	63
112	102	164	95	71
113	114	164	86	68
114	123	153	84	72
115	109	149	93	81
116	130	169	72	61
117	116	154	86	76
118	111	154	97	70
119	128	137	96	71
120	112	159	92	69
121	100	136	116	81
122	107	150	95	81
123	109	141	113	70
124	124	143	92	74
125	112	145	82	94
126	116	151	101	65
127	111	157	98	67
128	106	152	95	80
129	107	158	74	94
130	117	162	99	55
131	121	156	82	74
132	126	149	81	77
133	110	152	90	81
134	111	153	99	70
135	114	166	77	76
136	116	159	105	53
137	118	156	87	72
138	93	158	106	76
139	115	160	76	82
140	101	170	89	74
141	92	167	100	75
142	101	145	102	86
143	113	162	85	74
144	114	147	87	86
145	132	145	86	71
146	118	161	88	67
147	130	144	92	68
148	118	152	92	72
149	104	164	92	74
150	119	149	89	77
151	108	160	97	69
152	114	141	93	86
153	119	142	96	77
154	129	140	95	70
155	117	140	94	83
156	121	155	84	74
157	112	148	103	71
158	114	143	100	77
159	113	142	84	95
160	122	134	101	77
161	127	144	101	62
162	115	151	90	78
163	92	143	119	80
164	102	153	101	78
165	112	143	102	77
166	123	152	81	78
167	112	139	102	81
168	120	161	75	78
169	111	150	100	73
170	127	149	85	73
171	114	158	80	82
172	119	145	104	66
173	124	144	87	79
174	106	148	109	71
175	107	163	85	79
176	110	148	101	75
177	122	151	90	71
178	124	143	85	82
179	116	156	73	89
180	123	148	83	80
181	112	164	78	80
182	100	172	90	72
183	104	160	91	79
184	91	172	106	65
185	87	178	97	72
186	79	165	117	73
187	71	209	86	68
188	72	170	115	77
189	78	182	112	62
190	68	177	110	79
191	90	166	110	68
192	90	195	85	64
193	86	191	96	61
194	74	194	101	65
195	75	189	93	77
196	60	262	53	59
197	102	74	217	41
198	9	67	12	346
199	434	0	0	0
200	0	0	434	0
