positions	A	T	G	C
1	0	0	523	0
2	0	514	0	9
3	266	9	232	16
4	362	58	63	40
5	28	35	444	16
6	80	240	113	90
7	120	93	173	137
8	112	122	146	143
9	123	125	171	104
10	87	139	193	104
11	95	121	165	142
12	112	121	167	123
13	117	129	139	138
14	98	124	148	153
15	95	108	154	166
16	98	122	174	129
17	77	124	188	134
18	103	127	155	138
19	100	121	171	131
20	87	134	183	119
21	133	84	147	159
22	128	126	161	108
23	132	101	154	136
24	115	115	158	135
25	92	125	175	131
26	91	158	156	118
27	102	144	170	107
28	102	154	140	127
29	84	140	184	115
30	90	148	171	114
31	88	140	175	120
32	101	122	191	109
33	109	152	161	101
34	76	157	160	130
35	97	119	179	128
36	92	140	149	142
37	98	151	170	104
38	98	121	193	111
39	144	138	149	92
40	100	131	185	107
41	92	123	165	143
42	121	124	145	133
43	74	160	151	138
44	99	127	176	121
45	71	129	181	142
46	97	118	165	143
47	100	131	149	143
48	95	145	136	147
49	94	134	138	157
50	116	139	142	126
51	100	125	166	132
52	126	120	150	127
53	106	112	139	166
54	90	152	132	149
55	108	126	133	156
56	113	123	162	125
57	107	118	155	143
58	129	86	141	167
59	89	157	139	138
60	114	151	127	131
61	121	111	154	137
62	119	151	120	133
63	110	124	126	163
64	144	141	104	134
65	113	136	137	137
66	116	182	82	143
67	122	136	94	171
68	114	165	79	165
69	135	184	75	129
70	128	180	85	130
71	92	146	104	181
72	83	188	55	197
73	78	168	67	210
74	56	235	78	154
75	63	204	93	163
76	91	188	66	178
77	49	203	58	213
78	50	244	52	177
79	41	214	65	203
80	31	242	49	201
81	36	223	43	221
82	31	224	62	206
83	35	186	52	250
84	58	201	52	212
85	71	198	32	222
86	34	252	33	204
87	146	89	117	171
88	15	109	2	397
89	522	0	0	1
90	0	1	522	0
