68
414
84
99
507
61
195
72
343
235
85
521
102
75
473
92
79
65
397
76
55
84
154
83
398
87
215
339
204
94
81
449
472
453
326
389
59
105
79
68
60
72
79
79
79
113
440
65
433
317
512
424
82
580
170
60
69
67
109
361
521
70
322
512
115
111
131
95
71
382
64
255
73
216
69
71
95
80
150
66
283
427
83
338
75
68
79
78
215
313
68
384
422
205
66
69
60
75
65
84
326
374
354
728
63
66
106
483
463
69
527
340
468
64
316
72
450
71
73
61
70
64
63
76
67
417
73
97
61
72
120
86
425
500
96
531
537
78
113
93
70
524
434
56
57
85
87
77
80
559
64
81
74
344
124
415
59
59
315
55
92
67
416
65
209
84
146
764
154
107
66
65
59
374
89
396
73
117
67
477
71
243
74
87
72
65
61
84
64
394
463
82
61
611
485
394
338
452
505
72
71
56
73
65
138
62
492
70
62
322
82
88
182
82
67
65
255
66
66
65
74
59
462
105
683
74
62
74
323
348
82
64
502
63
82
98
373
62
454
378
69
