113
31
366
90
32
99
18
88
504
85
69
116
97
384
128
75
511
82
330
95
506
357
80
70
89
352
113
413
388
84
421
97
94
32
67
77
96
76
83
307
19
54
52
71
491
405
301
111
70
81
432
365
292
421
110
23
123
86
80
339
90
539
268
111
73
60
14
89
19
83
101
766
194
92
96
80
314
435
384
389
33
256
279
123
88
93
103
508
88
397
466
102
111
75
471
525
92
309
114
321
252
31
19
14
19
94
14
147
72
152
58
149
23
83
640
32
200
34
511
85
459
468
32
70
62
230
19
62
93
83
477
23
319
32
213
34
455
93
148
773
398
63
561
119
168
550
162
101
19
93
113
86
124
87
91
19
441
31
67
269
99
388
62
434
290
88
85
90
409
472
400
131
388
143
408
386
317
460
14
118
87
77
34
116
80
14
705
275
19
49
256
76
306
383
351
326
34
141
398
68
104
69
32
322
23
368
75
99
99
179
31
359
87
389
89
141
94
359
86
116
59
19
60
33
90
430
19
134
68
56
20
97
447
483
23
349
71
82
384
279
99
298
83
116
415
93
408
14
31
106
126
401
99
398
362
86
18
34
156
273
32
322
116
402
544
375
463
72
84
147
410
477
14
82
148
108
551
432
105
95
512
96
122
18
92
1002
32
345
449
91
79
31
74
31
84
342
532
414
390
447
78
63
19
14
30
23
30
401
209
411
527
157
437
426
347
33
148
34
238
80
139
409
407
100
130
525
105
152
394
501
421
751
102
19
143
19
133
403
86
96
23
365
134
99
76
148
