label_155	position_155	A	T	G	C	AG	CT
-50	-50	269	265	246	255	515	520
-49	-49	289	254	260	232	549	486
-48	-48	267	250	264	254	531	504
-47	-47	292	274	239	229	531	503
-46	-46	283	251	256	244	539	495
-45	-45	293	245	257	239	550	484
-44	-44	297	273	231	232	528	505
-43	-43	265	259	266	246	531	505
-42	-42	275	251	251	258	526	509
-41	-41	250	253	278	255	528	508
-40	-40	258	249	254	275	512	524
-39	-39	298	253	252	233	550	486
-38	-38	278	252	251	255	529	507
-37	-37	278	227	267	265	545	492
-36	-36	269	243	290	235	559	478
-35	-35	274	256	254	251	528	507
-34	-34	272	234	259	268	531	502
-33	-33	280	252	254	248	534	500
-32	-32	269	274	226	266	495	540
-31	-31	260	269	250	256	510	525
-30	-30	283	262	248	239	531	501
-29	-29	301	257	252	224	553	481
-28	-28	251	244	274	264	525	508
-27	-27	294	234	255	249	549	483
-26	-26	293	246	245	249	538	495
-25	-25	288	281	233	231	521	512
-24	-24	272	246	246	269	518	515
-23	-23	291	257	227	258	518	515
-22	-22	270	261	237	266	507	527
-21	-21	272	234	251	277	523	511
-20	-20	298	248	219	269	517	517
-19	-19	282	257	268	227	550	484
-18	-18	296	222	259	255	555	477
-17	-17	266	274	232	261	498	535
-16	-16	279	250	258	247	537	497
-15	-15	293	264	238	239	531	503
-14	-14	298	282	233	221	531	503
-13	-13	304	256	252	222	556	478
-12	-12	283	227	274	252	557	479
-11	-11	308	280	207	241	515	521
-10	-10	278	252	273	233	551	485
-9	-9	272	255	255	253	527	508
-8	-8	324	267	210	234	534	501
-7	-7	266	300	240	227	506	527
-6	-6	328	258	214	233	542	491
-5	-5	351	287	191	204	542	491
-4	-4	378	254	192	209	570	463
-3	-3	391	209	198	235	589	444
-2	-2	535	177	181	141	716	318
-1	-1	222	140	589	84	811	224
0	0	0	0	1035	0	1035	0
2	2	0	1028	0	8	0	1036
3	3	691	66	266	11	957	77
4	4	716	121	147	51	863	172
5	5	95	73	828	33	923	106
6	6	151	670	66	138	217	808
7	7	367	318	201	135	568	453
8	8	335	337	171	179	506	516
9	9	337	348	172	163	509	511
10	10	329	341	169	179	498	520
11	11	327	316	174	203	501	519
12	12	323	323	169	205	492	528
13	13	356	312	171	182	527	494
14	14	330	335	182	174	512	509
15	15	339	369	160	155	499	524
16	16	367	340	160	156	527	496
17	17	346	364	156	160	502	524
18	18	324	371	165	166	489	537
19	19	308	345	163	212	471	557
20	20	316	383	136	193	452	576
21	21	312	372	160	187	472	559
22	22	331	369	146	184	477	553
23	23	344	329	176	180	520	509
24	24	378	343	146	162	524	505
25	25	357	303	206	162	563	465
26	26	387	304	183	153	570	457
27	27	341	321	166	198	507	519
28	28	359	314	152	203	511	517
29	29	315	372	145	196	460	568
30	30	343	339	146	200	489	539
31	31	320	388	150	172	470	560
32	32	323	391	148	171	471	562
33	33	371	405	113	145	484	550
34	34	319	434	109	172	428	606
35	35	350	435	63	184	413	619
36	36	393	414	84	141	477	555
37	37	450	351	68	162	518	513
38	38	496	308	75	153	571	461
39	39	424	325	95	186	519	511
40	40	336	395	101	193	437	588
41	41	316	358	129	224	445	582
42	42	309	416	124	179	433	595
43	43	305	404	128	190	433	594
44	44	252	431	124	218	376	649
45	45	264	486	108	166	372	652
46	46	224	493	85	220	309	713
47	47	224	453	77	267	301	720
48	48	213	453	92	263	305	716
49	49	201	474	71	274	272	748
50	50	102	639	45	235	147	874
51	51	114	633	40	235	154	868
52	52	266	390	206	160	472	550
53	53	67	337	3	616	70	953
54	54	1023	1	0	1	1023	2
0	55	0	0	1028	1	1028	1
1	56	351	173	289	217	640	390
2	57	257	418	194	167	451	585
3	58	294	294	176	273	470	567
4	59	262	306	228	241	490	547
5	60	270	286	181	300	451	586
6	61	242	290	218	287	460	577
7	62	265	250	266	254	531	504
8	63	282	264	224	266	506	530
9	64	256	269	247	264	503	533
10	65	269	247	280	240	549	487
11	66	281	296	251	208	532	504
12	67	260	290	248	238	508	528
13	68	249	244	306	237	555	481
14	69	283	240	234	279	517	519
15	70	286	247	273	231	559	478
16	71	251	250	285	250	536	500
17	72	281	251	250	254	531	505
18	73	264	235	275	262	539	497
19	74	284	239	264	250	548	489
20	75	291	246	256	244	547	490
21	76	282	233	275	244	557	477
22	77	244	253	273	265	517	518
23	78	259	255	239	282	498	537
24	79	258	236	265	276	523	512
25	80	274	259	257	246	531	505
26	81	257	279	252	248	509	527
27	82	243	282	290	221	533	503
28	83	271	238	264	263	535	501
29	84	273	247	263	253	536	500
30	85	249	224	258	305	507	529
31	86	295	228	284	230	579	458
32	87	272	264	278	222	550	486
33	88	266	226	261	284	527	510
34	89	271	242	278	246	549	488
35	90	300	229	278	230	578	459
36	91	244	228	262	303	506	531
37	92	271	248	261	257	532	505
38	93	286	261	244	246	530	507
39	94	257	264	255	261	512	525
40	95	288	233	258	257	546	490
41	96	268	262	247	260	515	522
42	97	269	244	279	245	548	489
43	98	278	252	244	263	522	515
44	99	295	228	262	249	557	477
45	100	281	265	246	245	527	510
46	101	264	257	258	257	522	514
47	102	264	244	273	254	537	498
48	103	254	233	257	292	511	525
49	104	285	237	264	250	549	487
50	105	272	285	251	228	523	513
