label_185	position_185	A	T	G	C	AG	CT
-50	-50	33	30	19	33	52	63
-49	-49	23	24	37	30	60	54
-48	-48	40	18	24	33	64	51
-47	-47	20	36	29	30	49	66
-46	-46	33	25	27	29	60	54
-45	-45	26	29	35	25	61	54
-44	-44	34	26	27	28	61	54
-43	-43	18	32	37	28	55	60
-42	-42	33	28	31	23	64	51
-41	-41	27	31	29	28	56	59
-40	-40	27	25	29	34	56	59
-39	-39	27	34	23	30	50	64
-38	-38	29	25	32	28	61	53
-37	-37	30	25	37	22	67	47
-36	-36	31	20	31	32	62	52
-35	-35	25	36	27	26	52	62
-34	-34	23	26	25	40	48	66
-33	-33	31	19	34	30	65	49
-32	-32	39	17	26	32	65	49
-31	-31	25	28	20	40	45	68
-30	-30	25	28	28	33	53	61
-29	-29	27	28	31	28	58	56
-28	-28	30	20	29	35	59	55
-27	-27	37	24	27	26	64	50
-26	-26	29	23	26	36	55	59
-25	-25	26	29	31	28	57	57
-24	-24	28	28	29	29	57	57
-23	-23	29	28	32	25	61	53
-22	-22	20	26	36	32	56	58
-21	-21	20	29	27	38	47	67
-20	-20	35	29	24	26	59	55
-19	-19	30	24	36	24	66	48
-18	-18	36	26	30	22	66	48
-17	-17	33	22	28	30	61	52
-16	-16	32	32	23	26	55	58
-15	-15	36	33	20	24	56	57
-14	-14	31	29	26	27	57	56
-13	-13	32	21	26	34	58	55
-12	-12	31	31	29	22	60	53
-11	-11	30	30	31	23	61	53
-10	-10	29	21	31	33	60	54
-9	-9	34	30	29	21	63	51
-8	-8	30	32	29	23	59	55
-7	-7	27	31	18	38	45	69
-6	-6	27	35	31	21	58	56
-5	-5	36	29	22	27	58	56
-4	-4	47	19	23	25	70	44
-3	-3	48	16	21	29	69	45
-2	-2	60	13	27	13	87	26
-1	-1	17	14	77	5	94	19
0	0	1	1	111	0	112	1
2	2	0	111	0	1	0	112
3	3	56	9	45	2	101	11
4	4	80	10	12	10	92	20
5	5	7	8	95	2	102	10
6	6	10	84	8	10	18	94
7	7	45	26	28	12	73	38
8	8	30	38	19	23	49	61
9	9	36	30	19	25	55	55
10	10	41	28	20	21	61	49
11	11	27	30	20	32	47	62
12	12	36	42	15	17	51	59
13	13	28	31	22	30	50	61
14	14	34	32	17	28	51	60
15	15	35	32	20	24	55	56
16	16	37	34	20	20	57	54
17	17	46	27	19	18	65	45
18	18	37	32	19	20	56	52
19	19	27	40	23	17	50	57
20	20	32	32	19	25	51	57
21	21	29	31	26	24	55	55
22	22	35	32	15	27	50	59
23	23	34	28	24	23	58	51
24	24	37	31	20	21	57	52
25	25	23	33	21	33	44	66
26	26	36	33	17	22	53	55
27	27	27	39	14	28	41	67
28	28	31	46	13	18	44	64
29	29	32	33	24	19	56	52
30	30	34	30	24	20	58	50
31	31	35	30	23	20	58	50
32	32	41	39	12	19	53	58
33	33	33	36	20	22	53	58
34	34	27	40	26	18	53	58
35	35	27	41	21	22	48	63
36	36	36	39	14	22	50	61
37	37	23	40	18	30	41	70
38	38	22	44	17	28	39	72
39	39	33	32	19	27	52	59
40	40	35	28	19	29	54	57
41	41	38	33	23	17	61	50
42	42	41	26	17	28	58	54
43	43	34	36	15	27	49	63
44	44	28	36	19	29	47	65
45	45	35	31	22	24	57	55
46	46	37	33	20	22	57	55
47	47	34	38	19	22	53	60
48	48	42	31	20	19	62	50
49	49	32	43	11	25	43	68
50	50	30	41	21	19	51	60
51	51	33	38	17	24	50	62
52	52	33	36	21	22	54	58
53	53	30	39	16	27	46	66
54	54	20	41	25	25	45	66
55	55	41	31	19	20	60	51
56	56	39	42	10	21	49	63
57	57	43	34	15	20	58	54
58	58	42	27	16	27	58	54
59	59	36	39	13	24	49	63
60	60	33	39	13	28	46	67
61	61	42	32	14	25	56	57
62	62	28	46	19	20	47	66
63	63	40	38	7	28	47	66
64	64	34	49	13	17	47	66
65	65	32	42	14	24	46	66
66	66	37	51	8	16	45	67
67	67	33	49	10	20	43	69
68	68	36	46	13	17	49	63
69	69	30	50	11	21	41	71
70	70	34	46	9	23	43	69
71	71	24	54	4	30	28	84
72	72	27	48	18	19	45	67
73	73	19	59	13	21	32	80
74	74	22	50	20	20	42	70
75	75	20	69	8	16	28	85
76	76	19	55	13	26	32	81
77	77	23	44	11	35	34	79
78	78	30	47	5	31	35	78
79	79	15	57	6	36	21	93
80	80	20	59	11	24	31	83
81	81	12	71	6	24	18	95
82	82	24	31	36	22	60	53
83	83	9	27	1	76	10	103
84	84	113	0	0	0	113	0
0	85	0	0	113	0	113	0
1	86	34	21	35	23	69	44
2	87	29	45	17	22	46	67
3	88	27	30	29	27	56	57
4	89	28	26	18	41	46	67
5	90	27	41	17	28	44	69
6	91	21	26	35	31	56	57
7	92	34	21	30	28	64	49
8	93	26	32	22	33	48	65
9	94	22	22	35	35	57	57
10	95	27	17	31	39	58	56
11	96	46	21	16	30	62	51
12	97	28	28	31	26	59	54
13	98	24	30	35	24	59	54
14	99	27	27	20	39	47	66
15	100	27	24	32	30	59	54
16	101	33	19	27	34	60	53
17	102	28	29	25	31	53	60
18	103	36	24	19	34	55	58
19	104	38	17	29	29	67	46
20	105	33	30	25	25	58	55
21	106	33	24	30	26	63	50
22	107	28	22	32	31	60	53
23	108	22	30	27	34	49	64
24	109	30	22	31	30	61	52
25	110	31	21	31	30	62	51
26	111	33	29	25	26	58	55
27	112	22	32	32	27	54	59
28	113	40	18	34	21	74	39
29	114	30	29	26	28	56	57
30	115	34	19	26	34	60	53
31	116	30	21	34	28	64	49
32	117	24	37	31	21	55	58
33	118	30	24	28	31	58	55
34	119	30	30	23	30	53	60
35	120	25	21	33	34	58	55
36	121	32	20	31	30	63	50
37	122	29	25	32	27	61	52
38	123	25	27	32	29	57	56
39	124	33	24	36	19	69	43
40	125	33	24	28	28	61	52
41	126	33	25	29	26	62	51
42	127	32	20	28	33	60	53
43	128	36	28	18	30	54	58
44	129	25	27	34	27	59	54
45	130	25	32	27	29	52	61
46	131	24	30	41	19	65	49
47	132	25	33	29	26	54	59
48	133	26	20	35	32	61	52
49	134	35	21	24	33	59	54
50	135	38	23	30	22	68	45
