label_170	position_170	A	T	G	C	AG	CT
-50	-50	130	113	114	116	244	229
-49	-49	122	99	120	132	242	231
-48	-48	119	95	129	130	248	225
-47	-47	138	117	114	104	252	221
-46	-46	107	110	120	134	227	244
-45	-45	135	95	113	129	248	224
-44	-44	147	111	105	107	252	218
-43	-43	113	95	145	120	258	215
-42	-42	126	106	113	128	239	234
-41	-41	132	124	101	115	233	239
-40	-40	100	107	141	125	241	232
-39	-39	121	109	122	121	243	230
-38	-38	122	113	121	117	243	230
-37	-37	126	95	120	131	246	226
-36	-36	131	106	120	115	251	221
-35	-35	120	121	116	114	236	235
-34	-34	103	105	128	135	231	240
-33	-33	124	115	103	129	227	244
-32	-32	122	117	107	125	229	242
-31	-31	107	91	123	150	230	241
-30	-30	139	100	117	114	256	214
-29	-29	125	118	111	117	236	235
-28	-28	115	105	125	126	240	231
-27	-27	129	98	127	118	256	216
-26	-26	140	114	114	103	254	217
-25	-25	101	100	139	132	240	232
-24	-24	121	97	137	117	258	214
-23	-23	154	113	111	95	265	208
-22	-22	122	95	134	122	256	217
-21	-21	137	100	119	117	256	217
-20	-20	126	127	107	113	233	240
-19	-19	114	103	116	140	230	243
-18	-18	128	130	105	110	233	240
-17	-17	126	118	104	126	230	244
-16	-16	118	104	128	123	246	227
-15	-15	129	107	119	118	248	225
-14	-14	143	101	107	122	250	223
-13	-13	113	94	133	133	246	227
-12	-12	153	93	110	116	263	209
-11	-11	148	108	104	112	252	220
-10	-10	122	103	121	125	243	228
-9	-9	114	121	126	112	240	233
-8	-8	132	113	105	123	237	236
-7	-7	126	106	122	118	248	224
-6	-6	131	114	120	109	251	223
-5	-5	149	160	81	83	230	243
-4	-4	147	132	98	93	245	225
-3	-3	152	88	93	137	245	225
-2	-2	225	99	71	75	296	174
-1	-1	62	71	313	25	375	96
0	0	0	0	471	0	471	0
2	2	0	466	0	4	0	470
3	3	265	26	176	3	441	29
4	4	345	44	52	29	397	73
5	5	41	31	390	9	431	40
6	6	69	319	22	61	91	380
7	7	164	138	105	64	269	202
8	8	144	146	82	99	226	245
9	9	164	158	59	90	223	248
10	10	135	139	86	110	221	249
11	11	145	157	79	88	224	245
12	12	143	155	80	91	223	246
13	13	141	159	82	87	223	246
14	14	149	144	79	94	228	238
15	15	135	152	82	96	217	248
16	16	149	148	87	80	236	228
17	17	155	137	84	89	239	226
18	18	133	158	76	97	209	255
19	19	155	137	75	96	230	233
20	20	146	161	74	81	220	242
21	21	157	149	75	82	232	231
22	22	157	124	85	98	242	222
23	23	148	148	73	93	221	241
24	24	147	145	78	91	225	236
25	25	143	153	66	101	209	254
26	26	169	143	67	84	236	227
27	27	155	155	69	84	224	239
28	28	151	144	89	79	240	223
29	29	153	160	70	82	223	242
30	30	159	136	82	84	241	220
31	31	164	143	76	79	240	222
32	32	151	140	77	92	228	232
33	33	148	156	77	79	225	235
34	34	154	144	84	77	238	221
35	35	140	139	79	103	219	242
36	36	154	143	77	83	231	226
37	37	149	165	66	76	215	241
38	38	158	167	70	59	228	226
39	39	140	148	79	86	219	234
40	40	174	162	62	58	236	220
41	41	168	153	56	80	224	233
42	42	148	170	61	81	209	251
43	43	151	174	51	85	202	259
44	44	172	160	48	83	220	243
45	45	161	180	44	79	205	259
46	46	161	172	53	76	214	248
47	47	157	162	52	93	209	255
48	48	152	173	46	92	198	265
49	49	153	174	52	84	205	258
50	50	147	189	47	77	194	266
51	51	134	187	52	90	186	277
52	52	118	178	72	97	190	275
53	53	117	205	53	90	170	295
54	54	113	197	54	99	167	296
55	55	100	209	58	94	158	303
56	56	99	214	55	91	154	305
57	57	90	235	41	94	131	329
58	58	94	230	53	82	147	312
59	59	104	212	38	107	142	319
60	60	90	212	41	118	131	330
61	61	90	220	46	107	136	327
62	62	88	198	41	138	129	336
63	63	110	175	56	125	166	300
64	64	94	215	27	131	121	346
65	65	67	239	41	123	108	362
66	66	65	264	27	115	92	379
67	67	132	133	117	88	249	221
68	68	38	138	1	294	39	432
69	69	470	0	0	0	470	0
0	70	0	0	472	0	472	0
1	71	148	76	142	106	290	182
2	72	109	179	73	112	182	291
3	73	113	112	105	142	218	254
4	74	131	115	86	140	217	255
5	75	127	133	87	125	214	258
6	76	101	104	117	150	218	254
7	77	117	123	114	118	231	241
8	78	145	109	97	121	242	230
9	79	126	109	114	122	240	231
10	80	130	95	117	129	247	224
11	81	134	115	115	107	249	222
12	82	116	103	133	118	249	221
13	83	97	107	129	138	226	245
14	84	124	121	103	123	227	244
15	85	108	104	131	129	239	233
16	86	119	100	126	127	245	227
17	87	123	113	117	119	240	232
18	88	113	120	122	118	235	238
19	89	112	111	133	116	245	227
20	90	113	132	115	112	228	244
21	91	98	109	155	111	253	220
22	92	128	93	137	115	265	208
23	93	130	112	107	124	237	236
24	94	105	120	141	107	246	227
25	95	107	110	124	132	231	242
26	96	118	128	110	116	228	244
27	97	110	104	139	119	249	223
28	98	101	100	134	138	235	238
29	99	114	124	115	119	229	243
30	100	116	108	129	118	245	226
31	101	117	94	129	131	246	225
32	102	111	103	119	138	230	241
33	103	116	89	132	134	248	223
34	104	141	102	119	109	260	211
35	105	123	119	107	122	230	241
36	106	112	105	125	129	237	234
37	107	124	100	141	105	265	205
38	108	120	107	129	114	249	221
39	109	113	102	141	114	254	216
40	110	132	98	121	118	253	216
41	111	123	114	99	133	222	247
42	112	118	100	131	118	249	218
43	113	126	114	120	108	246	222
44	114	130	90	142	107	272	197
45	115	111	105	120	132	231	237
46	116	142	89	126	112	268	201
47	117	126	105	110	129	236	234
48	118	107	109	126	127	233	236
49	119	130	97	122	120	252	217
50	120	119	138	97	115	216	253
