Focal_pos	ll	Bases	Gamma	LB	UB
1	-37626.3712804689	sA	-0.168413773536866	-0.196711191734067	-0.14069990751328
2	-37533.2995840926	sA	-0.201065877476851	-0.230934023426525	-0.171244263530627
3	-36873.0224800295	sA	-0.202455500872108	-0.233735316763412	-0.173738441829309
4	-36178.1149332834	sA	-0.256166403779137	-0.287131627225535	-0.219651672931954
5	-36804.408556228	sA	-0.22241877176977	-0.253414841410595	-0.18711162467514
6	-37419.6427104288	sA	-0.166494165614878	-0.198537965383174	-0.130655580741526
7	-36613.6668117425	sA	-0.304949287111864	-0.3386623449787	-0.271872521072389
8	-34002.3394918655	sA	-0.704317010653786	-0.749264076316801	-0.658498352855809
9	-31425.1688299696	sA	-0.578951742368223	-0.61927155151138	-0.534055199444894
1	-37626.3712804689	sT	0.221583177467085	0.193271907601237	0.249369802967459
2	-37533.2995840926	sT	0.233046078939052	0.204566720820672	0.260571485875746
3	-36873.0224800295	sT	0.361340959326601	0.334976656711446	0.387647875588534
4	-36178.1149332834	sT	0.352833650451921	0.324256156745846	0.379367009059192
5	-36804.408556228	sT	0.153750487070633	0.125213090974553	0.18482451326042
6	-37419.6427104288	sT	0.164348320587274	0.136401499423219	0.190992640042787
7	-36613.6668117425	sT	0.328703717491836	0.299914918271926	0.356842290241524
8	-34002.3394918655	sT	0.69674876727842	0.664614472984954	0.726632528377976
9	-31425.1688299696	sT	0.887662077726192	0.856286483698899	0.915029158931912
1	-37626.3712804689	sG	-0.229443139545798	-0.268347414984347	-0.192985044248644
2	-37533.2995840926	sG	-0.287692451887348	-0.329229950979881	-0.252559850164626
3	-36873.0224800295	sG	-0.368207235053107	-0.411991766308138	-0.326490002864039
4	-36178.1149332834	sG	-0.422092706275068	-0.463928421225064	-0.384033373673302
5	-36804.408556228	sG	-0.367193007429486	-0.408440705347967	-0.329011176675161
6	-37419.6427104288	sG	-0.414486660789755	-0.451504805765633	-0.373397840732807
7	-36613.6668117425	sG	-0.640324145467963	-0.68918921868532	-0.59239800326398
8	-34002.3394918655	sG	-0.592468033939379	-0.639082974266392	-0.540983949865387
9	-31425.1688299696	sG	-0.853674302496054	-0.911480562526523	-0.796538355625822
1	-37626.3712804689	sC	0.176273735615579	0.144308008169683	0.20991830825018
2	-37533.2995840926	sC	0.255712250425147	0.223558548984937	0.286977082957725
3	-36873.0224800295	sC	0.209321776598614	0.174469646327266	0.242912772723028
4	-36178.1149332834	sC	0.325425459602285	0.290691400188299	0.357652856880327
5	-36804.408556228	sC	0.435861292128623	0.405708498405655	0.467893927512715
6	-37419.6427104288	sC	0.416632505817358	0.382524668143312	0.447744729140235
7	-36613.6668117425	sC	0.61656971508799	0.584762933857864	0.648042680220029
8	-34002.3394918655	sC	0.600036277314744	0.564990642292381	0.634561458304447
9	-31425.1688299696	sC	0.544963967138085	0.507960130102398	0.579826208811196
1	-37626.3712804689	sAG	-1.22065652557779	-1.38610639035686	-1.06799876771294
2	-37533.2995840926	sAG	-1.20830800306089	-1.38047046207959	-1.04076086051601
3	-36873.0224800295	sAG	-1.48512287241703	-1.6898135091712	-1.28147067291048
4	-36178.1149332834	sAG	-2.01096774548002	-2.32080401684233	-1.75587980597592
5	-36804.408556228	sAG	-2.26009724230958	-2.60678847770203	-1.99532023025487
6	-37419.6427104288	sAG	-2.42853431932966	-2.77908792352585	-2.11178301387688
7	-36613.6668117425	sAG	-2.20780521568412	-2.58398895107258	-1.90876962225833
8	-34002.3394918655	sAG	-2.45864690127278	-2.97009621245069	-2.07219230158361
9	-31425.1688299696	sAG	-1.80341740636856	-2.53254063238953	-1.3297386471362
