Focal_pos	sA	sT	sG	sC	sAG	ll
1	-0.168413773536866	0.221583177467085	-0.229443139545798	0.176273735615579	-1.22065652557779	-37626.3712804689
2	-0.201065877476851	0.233046078939052	-0.287692451887348	0.255712250425147	-1.20830800306089	-37533.2995840926
3	-0.202455500872108	0.361340959326601	-0.368207235053107	0.209321776598614	-1.48512287241703	-36873.0224800295
4	-0.256166403779137	0.352833650451921	-0.422092706275068	0.325425459602285	-2.01096774548002	-36178.1149332834
5	-0.22241877176977	0.153750487070633	-0.367193007429486	0.435861292128623	-2.26009724230958	-36804.408556228
6	-0.166494165614878	0.164348320587274	-0.414486660789755	0.416632505817358	-2.42853431932966	-37419.6427104288
7	-0.304949287111864	0.328703717491836	-0.640324145467963	0.61656971508799	-2.20780521568412	-36613.6668117425
8	-0.704317010653786	0.69674876727842	-0.592468033939379	0.600036277314744	-2.45864690127278	-34002.3394918655
9	-0.578951742368223	0.887662077726192	-0.853674302496054	0.544963967138085	-1.80341740636856	-31425.1688299696
10	-0.225968816156748	-0.073013401220759	0.323966000302732	-0.0249837829252258	0.0286519179668796	-28839.0433144765
