Focal_pos	sA	sT	sG	sC	sAG	ll
1	-0.214055328552288	0.311750394771887	-0.364171723441137	0.266476657221538	0	-37768.0174996438
2	-0.243517086551299	0.317794847389503	-0.413465790327448	0.339188029489244	0	-37660.4873040412
3	-0.248843452195984	0.452402054390815	-0.502865148687905	0.299306546493074	0	-37018.2113455131
4	-0.325541445333627	0.45729258834491	-0.561468841308966	0.429717698297683	0	-36366.6259609116
5	-0.329070933826706	0.267974892677068	-0.48856887719532	0.549664918344958	0	-37024.4650048937
6	-0.269337094625725	0.282221175411344	-0.546577143146436	0.533693062360817	0	-37648.6001626019
7	-0.352550532181226	0.428534059983203	-0.791490284872782	0.715506757070805	0	-36772.4201846094
8	-0.77004079014968	0.790015417567884	-0.713230154595153	0.693255527176949	0	-34147.5238288717
9	-0.619681438711109	0.935670823007931	-0.909024662854772	0.593035278557951	0	-31470.5571550476
10	-0.221860440549745	-0.0758282951070748	0.325681961677033	-0.0279932260202132	0	-28839.134176412
