motif	Lower	Upper	gamma
AAA	-1.23162161867734	-1.00183967388987	-1.11668491608103
AAC	-0.518397603203419	-0.313559347438264	-0.417671440649564
AAG	-2.79673006514945	-2.27161319859843	-2.51934660989867
AAT	-0.260821612589687	-0.123675215554473	-0.190475241978418
ACA	-0.722667932479515	-0.481580473789601	-0.598432005668677
ACC	-0.027302632496589	0.190471274133632	0.0801618807226863
ACG	-0.906122792894632	-0.531206726817197	-0.711977918430064
ACT	0.0843732424017696	0.267493835563228	0.173909949438834
AGA	-3.11867278696416	-2.47088321521153	-2.77740900543019
AGC	-2.9249581306009	-2.31298439823394	-2.5839288418662
AGG	-3.66695942842135	-2.62537241815955	-3.02391647800614
AGT	-2.02186455524369	-1.64018095155571	-1.82231749447392
ATA	-0.540257764949453	-0.347614954782487	-0.443540084136621
ATC	0.241368969551893	0.402269904498537	0.319346563952199
ATG	-0.517777752535367	-0.285821160360321	-0.398568312385357
ATT	0.534170742179137	0.653950315864109	0.594088735123156
CAA	-0.619095179746845	-0.415590937556066	-0.515992421688382
CAC	-0.224408009450572	0.0158448821853994	-0.106726194804692
CAG	-3.04180025599293	-2.41455573601836	-2.68638628720002
CAT	0.259178348193817	0.417219680424238	0.337942527654245
CCA	-0.0909040548979021	0.102048993630497	0.00316657770742612
CCC	0.637781068991928	0.907960302755938	0.763196816360126
CCG	-0.244664282369125	0.0837434092396443	-0.0851816478166993
CCT	0.642947182912607	0.838118274464923	0.743132135680879
CGA	-0.693642566797389	-0.392206390125679	-0.53808189279166
CGC	-0.337534573512646	-0.0311022429770036	-0.186341551512275
CGG	-1.40302325345068	-0.91343500320841	-1.15829375808356
CGT	0.193725081546065	0.458922094632431	0.324850197365802
CTA	-0.297652429377973	-0.0904678961869952	-0.192014438933111
CTC	0.606463918528392	0.825781005164694	0.720842310815461
CTG	-0.398823196154742	-0.162940008677923	-0.27938799104691
CTT	0.856014037489032	0.998649836850705	0.928629337206666
GAA	-1.32007232736121	-1.06319695844577	-1.19709069035736
GAC	-0.856179792548165	-0.51791878902574	-0.674521537977778
GAG	-3.06856442673982	-2.31752153871333	-2.61673914067356
GAT	-0.514259347729272	-0.288684335313669	-0.39791457493461
GCA	-1.05572799702736	-0.768620365311186	-0.910265351817335
GCC	-0.534197175034701	-0.251167221388877	-0.396475542274681
GCG	-1.39619595378127	-0.922775309707275	-1.14399578161213
GCT	-0.250274920714229	-0.0303991006588094	-0.139225192652465
GGA	-1.67692864394952	-1.2974681669936	-1.4837994700325
GGC	-1.39987924935556	-0.970731420160108	-1.16544734994273
GGG	-2.0119601469354	-1.35633829679426	-1.66367278189323
GGT	-0.864865704994971	-0.513321968222056	-0.679482818365887
GTA	-0.440456782010418	-0.197739012389272	-0.317362573177107
GTC	-0.294238856984842	-0.00939268996819278	-0.155069053710541
GTG	-0.868462467266136	-0.552126306333742	-0.698193438917867
GTT	0.23905032304325	0.421056271248174	0.328603391436735
TAA	-0.576455315841149	-0.409946319830553	-0.488411113352886
TAC	0.0268006427530136	0.221047122859688	0.120407329199897
TAG	-3.49993400701524	-2.71588824837031	-3.04590277715354
TAT	0.347888842808434	0.498031469286409	0.423901491830241
TCA	-0.112447749355106	0.0769003267647295	-0.0189799737933978
TCC	0.760144391773402	0.926283998917032	0.844968092442302
TCG	0.0135679229271265	0.237181435437816	0.123256862433016
TCT	0.84248051203623	1.01913208313296	0.926585533871517
TGA	-0.586307567145415	-0.378830281905183	-0.478882771448427
TGC	-0.0754525752781021	0.142707625251666	0.0264573674050306
TGG	-0.957133909147299	-0.678543520768653	-0.816678991178485
TGT	0.270907197086142	0.467081937938522	0.365316784341386
TTA	-0.0311353757500825	0.111705773219564	0.0450910236486584
TTC	0.786858341759758	0.935656519037578	0.85774041168041
TTG	1.81879936358545e-05	0.160468604887491	0.0820820039347034
TTT	0.924821711767679	1.06477856006915	0.992698722807538
