motif	Lower	Upper	gamma
AAA	-1.01701518647234	-0.659456215486355	-0.834323207088106
AAC	-0.511976244662631	-0.17094260404355	-0.334686217759632
AAG	-4.18907075168738	-2.75479512100413	-3.29364709117987
AAT	-0.230487411056475	-0.0120484170864262	-0.120967770674511
ACA	-0.724277139356591	-0.342684637779401	-0.532823807729512
ACC	0.0216330724345395	0.403831505078723	0.205613711307183
ACG	-0.851533275313317	-0.336421780667291	-0.577901638925124
ACT	-0.00254359989942712	0.269118037290338	0.138515170225574
AGA	-3.3626228691448	-2.2620967363638	-2.71114901783732
AGC	-3.38292882199558	-2.31632267236344	-2.75494573836981
AGG	-4.11940472155386	-2.31440671449676	-2.96552257938194
AGT	-2.87249689649084	-1.95062907150365	-2.35122773766752
ATA	-0.631429474089399	-0.346728798132428	-0.481247438548143
ATC	0.251473124081076	0.486623888944375	0.368608960706742
ATG	-0.877669347315495	-0.540341121694646	-0.703349104100135
ATT	0.475414771584322	0.64257603046033	0.563658739724464
CAA	-0.511664749666191	-0.222826572627152	-0.370278389462609
CAC	-0.263900986957612	0.0994967717354117	-0.0787629747269296
CAG	-4.07369344455593	-2.48350126591225	-3.04447919275887
CAT	0.138762277945894	0.345825513021273	0.24185631648315
CCA	0.0795937008616261	0.328873536750946	0.208426914695609
CCC	0.66806314878539	1.0307630775808	0.843050300919916
CCG	-0.158891374208224	0.287800151210163	0.0692187638443285
CCT	0.629555808625335	0.906064523936623	0.761703389826068
CGA	-0.631368199302608	-0.240459230825796	-0.432349899120179
CGC	-0.30294871508023	0.102573893589265	-0.0907424239645449
CGG	-1.40050731121659	-0.598911512483285	-0.955388436232153
CGT	0.0788495047674958	0.442907886487814	0.253752054272097
CTA	-0.257421409305835	0.0688594170924555	-0.0849217656769756
CTC	0.534418180426601	0.825632574059265	0.672956546447489
CTG	-0.401736622956968	-0.0359781992979457	-0.20581952562175
CTT	0.925802199485882	1.12176132110684	1.02209938382706
GAA	-1.33472062694469	-0.889033025617965	-1.08696406729484
GAC	-1.05133097118766	-0.467823094227429	-0.745241732348064
GAG	-2.83061946252934	-1.78902699805174	-2.22967562314099
GAT	-0.574653065882172	-0.260977178756865	-0.412028395070472
GCA	-1.1413717922741	-0.73175164450301	-0.936310854744936
GCC	-0.384098745425079	-0.00540650350579081	-0.189474653558167
GCG	-1.55056731037517	-0.841205972141425	-1.17572072816307
GCT	-0.332163741402009	0.0259428829281189	-0.140517862649622
GGA	-1.91469154007845	-1.22506583241757	-1.53545204785731
GGC	-1.76053782230151	-1.02668475167875	-1.36321046234913
GGG	-3.14328136669067	-1.53538112966788	-2.12370624825106
GGT	-0.959176346020406	-0.421476961472602	-0.676208305620053
GTA	-0.851156296808262	-0.417372888204504	-0.632358358494325
GTC	-0.277566170701899	0.122899822858611	-0.0770529673667868
GTG	-1.08107631176506	-0.622410641736622	-0.838456257660262
GTT	-0.00498392771418865	0.257031242196557	0.126845904212078
TAA	-0.468202488492143	-0.195178540556855	-0.331200304863616
TAC	-0.0556379462106114	0.257118415840134	0.10617061994939
TAG	-3.51803226563574	-2.27678141321449	-2.76435095053632
TAT	0.182987281639574	0.394772377781842	0.287403626789349
TCA	-0.106223112646537	0.169880899432265	0.0346393286738831
TCC	0.751992143049883	0.970184831899958	0.867833199441115
TCG	-0.0329972386760848	0.290858259168426	0.12888755382678
TCT	0.909043201878564	1.12985808175094	1.0195085921165
TGA	-0.540985981663019	-0.229134690096773	-0.379110409138045
TGC	-0.114757735993437	0.15567540613051	0.0241144848690626
TGG	-1.21639839169789	-0.772585916256413	-0.994103948271839
TGT	-0.045004040690171	0.23165542621139	0.0965319589704996
TTA	-0.0481448765054259	0.174867833115124	0.0629227118820372
TTC	0.738875388237763	0.925908565227572	0.82899825782912
TTG	-0.0498949946333795	0.172097832092362	0.0607710210080601
TTT	0.827833785552525	1.02911741103489	0.92653932060657
