motif	Lower	Upper	gamma
AA	-0.769397294649144	-0.707034542420988	-0.737851083157758
AC	-0.177644926643968	-0.114354472817967	-0.146080706759741
AG	-2.4815308547152	-2.32465417864908	-2.39960599374206
AT	0.0526488323090406	0.090049503254029	0.0712330657007607
CA	-0.25998830803058	-0.204550305896788	-0.232876796413735
CC	0.518875461123358	0.588984409686217	0.553690648496344
CG	-0.193607193439166	-0.111312046281544	-0.153716604197849
CT	0.481417665266912	0.52857640415296	0.504744743227211
GA	-1.00395243734735	-0.927588485210603	-0.963842504622172
GC	-0.549374463042275	-0.466531650376318	-0.507813951617506
GG	-1.31315294248134	-1.17721725770004	-1.24414674717109
GT	-0.215983959719829	-0.151105526370269	-0.184717214312336
TA	-0.23029523880057	-0.183532104533995	-0.205712166727012
TC	0.555432499960723	0.599001021378999	0.577623636619163
TG	-0.262764879240526	-0.207569115143799	-0.235128025835719
TT	0.800342625375664	0.840357059565249	0.819984826861579
