motif	Lower	Upper	gamma
AAAA	-1.30213999228727	-1.05000097340583	-1.17535313740129
AAAC	-0.687251977232103	-0.472365469364703	-0.577345903175359
AAAG	-3.56909982817224	-2.82008502976384	-3.14028588542877
AAAT	-0.611201123314386	-0.472277074906938	-0.542919755240922
AACA	-0.82888245415972	-0.585421782378104	-0.699438855762501
AACC	-0.0294517881082393	0.214391611686857	0.0950820670875139
AACG	-0.963156310253739	-0.555602838695896	-0.749666708331108
AACT	-0.151569724766187	0.0391481137205143	-0.0584158170036231
AAGA	-3.17217139767112	-2.46373116247313	-2.77905602420985
AAGC	-2.80159341935558	-2.11893955411964	-2.4185533334375
AAGG	-3.93773082097914	-2.71136628894318	-3.21707052510561
AAGT	-2.40193620993402	-1.9114237119446	-2.13132471108725
AATA	-0.809525770481409	-0.630913133879513	-0.726504694674402
AATC	0.0624962613650631	0.22175470195259	0.146647125604267
AATG	-1.02674926361578	-0.782888041118401	-0.905484359964643
AATT	0.287322197971846	0.399267544290486	0.343731841691457
ACAA	-0.888077947054838	-0.622727084015226	-0.749852358684428
ACAC	-0.529456082388628	-0.221674652260687	-0.373029920347201
ACAG	-3.89230477445087	-2.60582008422255	-3.09299934910228
ACAT	-0.151769048324002	0.0372601258916147	-0.0529171722188924
ACCA	-0.329273392362032	-0.0650369273251341	-0.196022007065181
ACCC	0.423951300676623	0.677607830991103	0.550222152971319
ACCG	-0.429805674932107	0.0185106702515332	-0.200714646337278
ACCT	0.326424635611708	0.553360716835983	0.441524266035336
ACGA	-1.10277971929545	-0.666535497619535	-0.872382709371457
ACGC	-0.597106663460762	-0.143443894028339	-0.347938927168592
ACGG	-1.47832763364432	-0.742669517748358	-1.0910113694245
ACGT	-0.286933858400611	0.096505513122662	-0.089016320520221
ACTA	-0.680379347023735	-0.423375860317504	-0.549841207959783
ACTC	0.369654344723643	0.612983026394461	0.488155818874425
ACTG	-0.836948947076818	-0.503842164628353	-0.660643530956206
ACTT	0.562838812974354	0.701940549830999	0.631179966257156
AGAA	-2.90928411948739	-2.30099333158952	-2.58033031967616
AGAC	-2.84634174297042	-1.91194917461765	-2.2996498932021
AGAG	-4.79626337554598	-2.96936728545516	-3.54502318564476
AGAT	-2.27507310311853	-1.80254120485853	-2.01781080948895
AGCA	-2.87732853551241	-2.17958046534815	-2.49704126665083
AGCC	-2.53552311787188	-1.81037826797908	-2.11927690761401
AGCG	-2.87791393326982	-1.8250654494149	-2.26385039457894
AGCT	-2.08696652466194	-1.58450696996568	-1.81695344864865
AGGA	-4.3696667256474	-2.93554204670204	-3.4989508610732
AGGC	-4.43461527483028	-2.61342782349836	-3.27759020105838
AGGG	-Inf	-2.751483758934	-3.59037103290917
AGGT	-2.50132283857416	-1.67613830696068	-2.040446641558
AGTA	-2.36512100182459	-1.83078535386224	-2.06484829332372
AGTC	-2.16036210278379	-1.52686289495243	-1.81211260122314
AGTG	-2.34998676929899	-1.7125168901148	-1.98493165032652
AGTT	-1.79267385948673	-1.43574904059586	-1.6013938243712
ATAA	-0.934948955482359	-0.738564963633471	-0.833973344789435
ATAC	-0.332610734291575	-0.107931738594728	-0.217641778084456
ATAG	-3.69712912421258	-2.790330741162	-3.17517788453943
ATAT	0.00192394388532369	0.143629621608374	0.070886044747442
ATCA	-0.461496221212457	-0.236872023338708	-0.342541385043186
ATCC	0.665333808103821	0.822388904630656	0.744657742893219
ATCG	-0.25753481035208	0.013301669483239	-0.120097127150161
ATCT	0.541012914842034	0.698571367736054	0.617825323771543
ATGA	-1.08229150466516	-0.778897474652847	-0.928588574755279
ATGC	-0.459736769970699	-0.199077612497002	-0.320859011919294
ATGG	-1.62964881958438	-1.19350217725483	-1.39215667878867
ATGT	-0.0984896479701882	0.107826186183554	0.00756857387570431
ATTA	-0.322991704575738	-0.164166152013048	-0.247621450693185
ATTC	0.603864229591407	0.73908794176961	0.66977003721022
ATTG	-0.423664419052645	-0.223651232394862	-0.321220026213378
ATTT	0.791865538532847	0.885473522566397	0.837421328998238
CAAA	-0.959940929084977	-0.72387902984236	-0.845082233652249
CAAC	-0.293383147401648	-0.0241306205199747	-0.156485609068284
CAAG	-3.15385785323067	-2.36146943175546	-2.70791978597737
CAAT	-0.0219424058074133	0.150391727295546	0.0673564017934991
CACA	-0.611507239866104	-0.338619166478652	-0.47196705623936
CACC	0.15969664863726	0.44117819479336	0.301167037240865
CACG	-0.88796696051694	-0.364384355833923	-0.598829401869742
CACT	0.20626090871369	0.414835688350523	0.310923190765042
CAGA	-3.05450550698562	-2.22582154303457	-2.59503387488526
CAGC	-3.07929412335808	-2.16220610546286	-2.55863456530871
CAGG	-4.89071371039494	-2.60734071628606	-3.31325164583692
CAGT	-2.80045182042364	-2.0512944058629	-2.37887482061511
CATA	-0.549099076273723	-0.328169988687748	-0.435544336782073
CATC	0.247392869755658	0.45401245637326	0.352906673393591
CATG	-0.63019411609674	-0.289267738466037	-0.45770388240291
CATT	0.701270702948303	0.831210958383097	0.76722127759669
CCAA	-0.267020851862051	-0.0516147128221249	-0.160995234727143
CCAC	0.284516773067414	0.531221870709153	0.403782825642306
CCAG	-3.3185281172809	-2.33323960249117	-2.75006539361658
CCAT	0.471209375698501	0.634465886625447	0.55942126467958
CCCA	0.238490095115555	0.466852951829135	0.352310647493374
CCCC	0.663042533833253	0.982737504545574	0.818775741596256
CCCG	0.148132838700162	0.564745942921765	0.35524925507792
CCCT	0.902789330147037	1.11937422492688	1.00598998539317
CCGA	-0.377219039324266	-0.00735069976977211	-0.191081063283297
CCGC	0.0780582141338185	0.439660550799517	0.25458806711694
CCGG	-1.03722242379089	-0.413070660399218	-0.692711685410631
CCGT	0.331603473153898	0.644844231297789	0.482540829679766
CCTA	-0.0366328646861751	0.238551591028704	0.105489249410676
CCTC	0.708372552538262	0.966406648063864	0.840174628144397
CCTG	-0.261730875438705	0.0566354836749323	-0.0958432353152938
CCTT	0.990358801123336	1.15243936002044	1.06853647521179
CGAA	-1.03740637568945	-0.720106569495242	-0.869978654811671
CGAC	-0.436466603725132	0.0461038190047398	-0.190111970628598
CGAG	-3.26392066170717	-2.12652184051708	-2.56231193426373
CGAT	-0.134881343419711	0.132216106168106	0.00531192968306549
CGCA	-0.78929115097864	-0.380290565798913	-0.578012505664567
CGCC	0.238552653683702	0.591723346288828	0.424262009204798
CGCG	-0.90976964235115	-0.203974550769763	-0.536813751163815
CGCT	0.309566954329067	0.61568293384045	0.471896963977689
CGGA	-1.51926090809137	-0.921794395552997	-1.2013781838845
CGGC	-1.29156318945258	-0.592901924162457	-0.91131465220497
CGGG	-2.05966954261547	-0.968282753739406	-1.43165345642062
CGGT	-0.808325576079689	-0.257366247739911	-0.515597778884625
CGTA	-0.194172057202445	0.144605156488606	-0.0229592246173169
CGTC	0.109055128864698	0.499379222947757	0.308018874984202
CGTG	-0.74677725518682	-0.250035864345418	-0.479862037192937
CGTT	0.75177814202002	0.992749705052624	0.868904824661619
CTAA	-0.675675927260666	-0.444338569427734	-0.55420058005652
CTAC	-0.0543169459999056	0.224396166422638	0.090519232975411
CTAG	-3.5946882008034	-2.43717899284474	-2.92053213424661
CTAT	0.253259980084087	0.43146839349196	0.338060414926041
CTCA	-0.0667160319911183	0.195125778808159	0.0667444130636863
CTCC	0.931814040653777	1.15334474808868	1.04620363131494
CTCG	0.158058881737519	0.495427719288849	0.339455622636643
CTCT	0.915284702642511	1.13365840954793	1.02626866998383
CTGA	-0.634178383611466	-0.337086815380408	-0.477036071278546
CTGC	-0.30654817356612	-0.00680088015622671	-0.151524227714193
CTGG	-1.22898052337619	-0.762065150589644	-0.983410040759937
CTGT	0.183502528663103	0.433511212771635	0.31199776522845
CTTA	-0.129983119188809	0.0521963627111855	-0.0347931004762456
CTTC	0.86944207108036	1.04672858588252	0.954953142719893
CTTG	-0.0148553594156062	0.196748987463325	0.0910075233184102
CTTT	1.05896818912867	1.17665948138658	1.11813318282505
GAAA	-1.60477171988743	-1.28256437706346	-1.43916622364175
GAAC	-0.945311563102565	-0.592762554856348	-0.751364975541262
GAAG	-3.85818696551204	-2.58069954464239	-3.05706971662401
GAAT	-0.687959265539096	-0.468438362639911	-0.570783243870349
GACA	-1.28277635529854	-0.797981918012966	-1.022133231868
GACC	-0.767090264026296	-0.309269128459359	-0.529774208199262
GACG	-1.48311104816787	-0.742198723151294	-1.07378683205013
GACT	-0.268516117654277	0.0443601144021698	-0.119005923024959
GAGA	-3.30200083202091	-2.33711414446212	-2.72666950399919
GAGC	-2.5851970394701	-1.73773106738021	-2.10234763178328
GAGG	-3.73496254597025	-2.20470678789002	-2.76780052169557
GAGT	-1.90205366450776	-1.3631887636741	-1.61016008044953
GATA	-1.26684626913129	-0.940416717604469	-1.10561693100534
GATC	-0.487448805202794	-0.199399905408089	-0.336654767298725
GATG	-1.56145362045178	-1.10005070762711	-1.32018511112339
GATT	-0.0255116910998489	0.156510874802507	0.0686470466017308
GCAA	-1.29744989564402	-0.946904314344648	-1.10383329287029
GCAC	-0.831158915961793	-0.463220129638243	-0.636713042175694
GCAG	-3.52345470852246	-2.37981860921518	-2.84280247983882
GCAT	-0.370870906323066	-0.105359033446333	-0.235205186070258
GCCA	-0.775054205935573	-0.438710822668037	-0.596854959983327
GCCC	0.0509683882084272	0.382663665305853	0.211579166110587
GCCG	-0.983307400673159	-0.388125905947623	-0.663274326262162
GCCT	-0.00191550649050526	0.299799069973424	0.152878165828386
GCGA	-1.69527223571728	-1.11865690365696	-1.37015281351559
GCGC	-0.864315866698188	-0.285069875427979	-0.54512295987737
GCGG	-2.2251823806017	-1.21713618225421	-1.63824381780029
GCGT	-0.745058303111292	-0.244558204303127	-0.483959770422772
GCTA	-1.25954518874914	-0.858075621743084	-1.0574149242023
GCTC	-0.0995912075273593	0.202899046320204	0.0543486594050568
GCTG	-1.38755246951281	-0.901340877188255	-1.1312440508983
GCTT	0.300974277087584	0.491844778869242	0.400282974197525
GGAA	-2.05720093552143	-1.54389505811952	-1.77279324118889
GGAC	-1.53604974722568	-0.903369467360284	-1.17992929409234
GGAG	-3.75677935771501	-2.35839201206908	-2.91221774261439
GGAT	-1.29268662776026	-0.913848140979864	-1.09109716421889
GGCA	-1.58211354330048	-1.02253332297028	-1.27101945355216
GGCC	-1.26348090192731	-0.641142840216983	-0.925531020105301
GGCG	-2.07101991948444	-1.12529037821734	-1.50319044486719
GGCT	-0.947295621871628	-0.518376909121256	-0.718421104583492
GGGA	-2.61201841237754	-1.74607093524908	-2.09885365688431
GGGC	-1.66279034603842	-0.806051627805418	-1.19992818627384
GGGG	-3.02927919335726	-1.49833709201577	-2.05908112804405
GGGT	-1.42914106723476	-0.772575434250455	-1.07732482123893
GGTA	-1.28567981140362	-0.762854092319492	-1.01184130734217
GGTC	-1.18381081494173	-0.596665468819089	-0.867977676751636
GGTG	-1.77296014361163	-1.12076676167816	-1.4163201941075
GGTT	-0.414865633647353	-0.114302719216218	-0.255840141280938
GTAA	-0.895915742070382	-0.590701472706258	-0.732168632447171
GTAC	-0.185003866277446	0.127820970983258	-0.0262862854170418
GTAG	-4.6474323992399	-2.86294433291057	-3.42518519166706
GTAT	0.139490971710445	0.351579325109045	0.2435393669468
GTCA	-0.947044908431491	-0.549807555357429	-0.732324620962814
GTCC	-0.171171204113252	0.142437064789966	-0.00982581083221667
GTCG	-1.01263873876543	-0.436941809495369	-0.709577366602503
GTCT	0.222036475092211	0.498762117455606	0.366774031866948
GTGA	-1.16605308917503	-0.76749263437471	-0.963435057868163
GTGC	-0.638370670010566	-0.281397310144232	-0.462678358338986
GTGG	-1.49691408315846	-0.983554056241432	-1.21112440220211
GTGT	-0.280058794767972	0.0462986716914995	-0.115862640023837
GTTA	-0.643388636366286	-0.36943227093101	-0.497099510491975
GTTC	0.167649116637059	0.410230467360658	0.295681339453536
GTTG	-0.759041324426357	-0.432448672720971	-0.583317465055729
GTTT	0.480848940754505	0.639992148513643	0.562032408277117
TAAA	-0.942055756407097	-0.754006840240464	-0.849095291612969
TAAC	-0.29364001619399	-0.0687808841151291	-0.177013982392781
TAAG	-3.24725253384002	-2.47589087533495	-2.81170623892466
TAAT	-0.0112801712421392	0.124318629667308	0.0523636392936702
TACA	-0.548345105214211	-0.31739507918907	-0.433958367710908
TACC	0.334554072961641	0.550779275960821	0.444489118680074
TACG	-0.559257593587754	-0.15829876968393	-0.352240604704443
TACT	0.375958827398272	0.555954051394008	0.466753762761448
TAGA	-3.39008214637667	-2.5704785589106	-2.93168910198603
TAGC	-3.3455915485708	-2.41754823134222	-2.80709752772089
TAGG	-4.59171058690673	-2.79207569434112	-3.46158368843737
TAGT	-2.42747423207647	-1.89101098591745	-2.13431462992445
TATA	-0.342265924451737	-0.175457522138064	-0.255252101043056
TATC	0.579579894314376	0.746114373686432	0.661577301076557
TATG	-0.332911757314774	-0.0921054430340873	-0.209384116218026
TATT	0.760284561032012	0.871540708783767	0.812726171025068
TCAA	-0.45299692044572	-0.246283062461567	-0.348109751994432
TCAC	0.226532633481205	0.469813676796167	0.350376712759692
TCAG	-3.07756922672349	-2.26032862498577	-2.623834881407
TCAT	0.419540834424706	0.585427915989766	0.503772888388246
TCCA	0.403408043765395	0.575011675332248	0.485371726285421
TCCC	1.0817723086548	1.26600585977993	1.17929794130375
TCCG	0.241456617684789	0.518306967681756	0.382331047496851
TCCT	0.962784105131573	1.12345806373687	1.04914171629222
TCGA	-0.445149013446047	-0.173165287820265	-0.305914104569171
TCGC	0.264175803352941	0.559276713330312	0.410243887326175
TCGG	-1.21670498341926	-0.667264668875325	-0.915348295563438
TCGT	0.679443720800678	0.925427858463238	0.798490782368405
TCTA	0.0747868647402168	0.274635980913143	0.168896212066366
TCTC	0.966420136646333	1.17846475201328	1.07561199162199
TCTG	0.0852817016836227	0.324610486428727	0.204835955346277
TCTT	1.22353351674732	1.35518648760662	1.29341672094278
TGAA	-0.874147834705754	-0.643096923194674	-0.760993217810609
TGAC	-0.410251972050205	-0.0973215538453249	-0.256616986629887
TGAG	-2.30054086414921	-1.67255056873956	-1.94658074564192
TGAT	-0.109346063617777	0.0899736542330047	-0.0115821577129847
TGCA	-0.500178437216709	-0.255969964339144	-0.369127724380166
TGCC	0.1461663611051	0.389476049164687	0.261722007746126
TGCG	-0.831619276467722	-0.431709265118605	-0.627038378398034
TGCT	0.198172702802507	0.415620029633528	0.308006025150531
TGGA	-1.28605493725636	-0.953530400446162	-1.11012275318127
TGGC	-0.942532073799634	-0.56291279041345	-0.742076237880392
TGGG	-1.77871822397816	-1.19370941356077	-1.4605189072965
TGGT	-0.677285600167607	-0.376444388747909	-0.516272794677673
TGTA	-0.0758116408847185	0.139237586200327	0.0351006899248327
TGTC	0.184584723675109	0.434282057677818	0.310040547253445
TGTG	-0.316812099692659	-0.0440923809280147	-0.178047329966356
TGTT	0.659963906865108	0.814965196910651	0.73803358192396
TTAA	-0.416030800716848	-0.276576910821704	-0.344025417073684
TTAC	0.216072634529155	0.392960075741427	0.302840084201052
TTAG	-3.18840574300655	-2.44792803976592	-2.76540476041826
TTAT	0.555531115150574	0.680217699926676	0.621255101693506
TTCA	0.239076005803747	0.394295500451849	0.317846040080909
TTCC	1.17886715433451	1.31813223981037	1.24794841251487
TTCG	0.354942619663872	0.568255673602982	0.467290978950762
TTCT	1.06358539757543	1.20279996609007	1.1320565346312
TTGA	-0.432516670701596	-0.241702558959183	-0.33644372446854
TTGC	0.230707398762851	0.422548790190203	0.321176466149283
TTGG	-0.820911496109063	-0.540326153327987	-0.67358952710679
TTGT	0.460552458825324	0.609416936802021	0.536874073326588
TTTA	0.218634903296484	0.340760300177937	0.279711788063036
TTTC	1.0775972594177	1.19516530476731	1.1361181615909
TTTG	0.293628821640273	0.433185959914439	0.359555254334445
TTTT	1.02313244093062	1.1467614884377	1.08480977248221
