motif	Lower	Upper	gamma
AAA	-1.047178820775	-0.92249591825	-0.987231518056841
AAC	-0.40379934925	-0.2894371035	-0.344683268300661
AAG	-2.7752531091	-2.453126112525	-2.6116533393409
AAT	-0.2316752565675	-0.159732220875	-0.197099448110265
ACA	-0.618900114575	-0.48496362555	-0.552993821945178
ACC	0.1183006095	0.24623889145	0.183788538666727
ACG	-0.6907301942325	-0.47555776975	-0.572979889836417
ACT	0.133803313425	0.233074722	0.183891274678616
AGA	-2.705761776175	-2.380581994275	-2.53180477914773
AGC	-2.394614089725	-2.071336504975	-2.22089481453921
AGG	-3.313664892725	-2.691342451825	-2.97932811127074
AGT	-2.041072897	-1.796801482275	-1.91913721745057
ATA	-0.537951994	-0.43933384775	-0.485845514380667
ATC	0.2513401694175	0.337797301	0.295289571095888
ATG	-0.6374599654	-0.50965468645	-0.57221254122891
ATT	0.53852523005	0.598670988375	0.568411239292124
CAA	-0.541794992725	-0.435035271775	-0.488526733776207
CAC	-0.05648945145	0.0830191658000001	0.0110446699093485
CAG	-2.898959296175	-2.459971017475	-2.66308735743731
CAT	0.217811488	0.3030680821	0.262159144623992
CCA	0.081527464675	0.1854041135	0.133221560189973
CCC	0.704402755495	0.853752302675	0.778133440104158
CCG	0.01391798325	0.192888328225	0.0988305793878981
CCT	0.706215443995	0.8060979004	0.75860751327827
CGA	-0.599840778425	-0.425291204	-0.509968752438714
CGC	-0.0126242562	0.17437593625	0.0832326903967573
CGG	-1.134855907575	-0.82527839135	-0.971956634445902
CGT	0.30081280625	0.45309251636	0.37815627465688
CTA	-0.2692299542	-0.1503049836	-0.20590772011554
CTC	0.625747930825	0.74546850045	0.68778663654873
CTG	-0.3271659015	-0.185050383165	-0.258362086865215
CTT	0.862860083025	0.933614592085	0.898568483019949
GAA	-1.22816661955	-1.083209328675	-1.15190426888462
GAC	-0.733687898525	-0.53542709365	-0.628044150869123
GAG	-2.437114786615	-2.056090269875	-2.2407014211283
GAT	-0.5691021650775	-0.446808042425	-0.504894909328958
GCA	-0.9147624839	-0.74875390325	-0.831345155223502
GCC	-0.29606000975	-0.1353127978	-0.216084843953531
GCG	-1.140811307725	-0.851965224875	-0.985278225790695
GCT	-0.252827592	-0.11216805875	-0.181066878489377
GGA	-1.649093440025	-1.40328846715	-1.5196289914193
GGC	-1.20660908105	-0.92927902885	-1.06313553005555
GGG	-1.907108307375	-1.457776989525	-1.66589574956948
GGT	-0.854079778675	-0.64646664905	-0.750188549205263
GTA	-0.459662286775	-0.32451488675	-0.390926870824793
GTC	-0.291316689325	-0.130025412375	-0.21083373045946
GTG	-0.76251973005	-0.57391394005	-0.668120342786728
GTT	0.1736143845	0.27243957855	0.220841942281231
TAA	-0.55697045725	-0.4640660325	-0.509984300871927
TAC	0.022952310075	0.12670976695	0.0748029490961102
TAG	-2.9472447278	-2.553732649	-2.73123724710736
TAT	0.3201326470225	0.392896371025	0.357963256527096
TCA	-0.0568790214	0.041052569375	-0.00876576561509834
TCC	0.858631410475	0.94346684725	0.901468027606947
TCG	0.076519483425	0.215262125	0.147838151204393
TCT	0.830018204025	0.912265673525	0.870684960356457
TGA	-0.587606154	-0.4614023091	-0.524946853606099
TGC	-0.11063960665	0.00824596845000007	-0.0516178040294353
TGG	-0.99553515865	-0.8215647923	-0.911452406652171
TGT	0.248115412825	0.3453209628	0.298071661702033
TTA	-0.0129213795	0.0630484677	0.0259537289267673
TTC	0.8429424653	0.912524958975	0.879078924437635
TTG	0.009072735625	0.09475740595	0.0515213874487013
TTT	0.9206055177	0.98986798825	0.955877642760927
