motif	movercomp3p	movercomp5p	gamma
AAA	0.0126538767267493	0.0386539336061846	-1.11668491608103
AAC	0.0124798625281925	0.018949694085656	-0.417671440649564
AAG	0.00131707524323406	0.0163587048652314	-2.51934660989867
AAT	0.0300024036885694	0.0362976406533575	-0.190475241978418
ACA	0.00909849928282418	0.0165525719008965	-0.598432005668677
ACC	0.0132851799303495	0.0122617816516472	0.0801618807226863
ACG	0.0035341707472855	0.00720270468910775	-0.711977918430064
ACT	0.0205690035941627	0.0172856264183758	0.173909949438834
AGA	0.000891833354567461	0.0143382819439157	-2.77740900543019
AGC	0.000998109961986876	0.0132240483332629	-2.5839288418662
AGG	0.000382019610339997	0.0078587938642572	-3.02391647800614
AGT	0.0024670353041259	0.0152615202252186	-1.82231749447392
ATA	0.0180341677285588	0.028101086746833	-0.443540084136621
ATC	0.0281376783143568	0.0204455034785014	0.319346563952199
ATG	0.0102447597410948	0.0152615202252186	-0.398568312385357
ATT	0.0643303904080204	0.0355145836481789	0.594088735123156
CAA	0.013437681408699	0.0225121514453825	-0.515992421688382
CAC	0.0111549682512442	0.0124113475177305	-0.106726194804692
CAG	0.000828078221542773	0.0121549759432768	-2.68638628720002
CAT	0.0270847405922472	0.0193178195728403	0.337942527654245
CCA	0.0179901950197611	0.0179333177699017	0.00316657770742612
CCC	0.0206352987029859	0.00961963500115772	0.763196816360126
CCG	0.00696432386242256	0.00758355565825683	-0.0851816478166993
CCT	0.027263811703171	0.0129672650475185	0.743132135680879
CGA	0.00565381579228094	0.00968339508251937	-0.53808189279166
CGC	0.00705037815664658	0.00849453322119428	-0.186341551512275
CGG	0.00187043019894576	0.00595637583892617	-1.15829375808356
CGT	0.0102014573510501	0.00737193623590196	0.324850197365802
CTA	0.0122406906326504	0.0148318981021095	-0.192014438933111
CTC	0.0222733088984797	0.0108324552160169	0.720842310815461
CTG	0.00979026971443261	0.0129458723152626	-0.27938799104691
CTT	0.0568135958028788	0.0224467608876383	0.928629337206666
GAA	0.00601869637597644	0.019924724094669	-1.19709069035736
GAC	0.00413275957564654	0.00811299340031107	-0.674521537977778
GAG	0.000679347826086957	0.00930095534699718	-2.61673914067356
GAT	0.0112634356696917	0.016768066478706	-0.39791457493461
GCA	0.0057181872492959	0.0142095914742451	-0.910265351817335
GCC	0.00711492853022242	0.0105768825586785	-0.396475542274681
GCG	0.00212603112509567	0.00667422239012719	-1.14399578161213
GCT	0.0113936272932089	0.0130956404190605	-0.139225192652465
GGA	0.00250967714492322	0.0110668437361664	-1.4837994700325
GGC	0.00250967714492322	0.00804943149576512	-1.16544734994273
GGG	0.00110440914110951	0.00582980329656503	-1.66367278189323
GGT	0.00387613408868254	0.00764705882352941	-0.679482818365887
GTA	0.00793328343846894	0.0108963685796784	-0.317362573177107
GTC	0.00743780456527315	0.00868541145296629	-0.155069053710541
GTG	0.00567527202901643	0.011407966598486	-0.698193438917867
GTT	0.0228722711687861	0.0164663996439697	0.328603391436735
TAA	0.0175946115152954	0.0286743732172346	-0.488411113352886
TAC	0.0156650649658471	0.013888008117192	0.120407329199897
TAG	0.000615619759271446	0.0129458723152626	-3.04590277715354
TAT	0.0425320151283923	0.0278367084538734	0.423901491830241
TCA	0.017638550055053	0.0179765265190908	-0.0189799737933978
TCC	0.03778071334214	0.016229501250053	0.844968092442302
TCG	0.0114587356765804	0.0101299412421288	0.123256862433016
TCT	0.0424628450106157	0.0168111763583558	0.926585533871517
TGA	0.0113502263608471	0.0183223286129806	-0.478882771448427
TGC	0.0149870801033592	0.0145957608833608	0.0264573674050306
TGG	0.00573964623295709	0.0129886586833935	-0.816678991178485
TGT	0.0244729406650728	0.0169836524394123	0.365316784341386
TTA	0.0311290005031392	0.0297565374211001	0.0450910236486584
TTC	0.0509230357620619	0.0215974440894569	0.85774041168041
TTG	0.0254089801601114	0.0234066614035462	0.0820820039347034
TTT	0.103215840471844	0.0382492369634392	0.992698722807538
