motif	movercomp3p	movercomp5p	gamma
AAA	0.0155159122248884	0.0408506932604487	-0.968057699551174
AAC	0.0131946701332467	0.0186732111043225	-0.347276965229655
AAG	0.00133828677879725	0.0175865093163879	-2.57574181933711
AAT	0.032602815346398	0.0393403807268803	-0.187852845807944
ACA	0.0101634138701978	0.0174403995753999	-0.539994933094279
ACC	0.0124488514581394	0.0105790730959451	0.162750552783582
ACG	0.00344394734301072	0.00619209177075568	-0.586654660073329
ACT	0.0209365789760943	0.0174664875232049	0.181213773115039
AGA	0.00119893808341184	0.0149525539043916	-2.52344588045047
AGC	0.00137044967880086	0.0114136280452059	-2.11966916530505
AGG	0.000417161377274332	0.0073364032838655	-2.86713084289251
AGT	0.00229333219023941	0.0156227604987817	-1.91872299243715
ATA	0.0203574000130916	0.0323910023259081	-0.464436195444696
ATC	0.0273963574049256	0.0205857843893707	0.285809303734359
ATG	0.00990163155564674	0.0177744263707853	-0.585061156320181
ATT	0.0692458071818088	0.03909543685812	0.571656841338471
CAA	0.0137547556335967	0.0222368773571296	-0.480367424343664
CAC	0.0112665700754709	0.0109704211357672	0.0266372772816652
CAG	0.000759707673047498	0.0103680769152425	-2.61355311852698
CAT	0.0270917297196385	0.0209901764533343	0.255173964572708
CCA	0.017615249866716	0.0155707748533522	0.123369246177956
CCC	0.0183021764456106	0.0087140431329883	0.742084106697252
CCG	0.00607768682163872	0.00561071662079766	0.0799457153494547
CCT	0.0249194555855086	0.0117075956596231	0.755411014351547
CGA	0.00567741935483871	0.00953010914086549	-0.517959379394379
CGC	0.00591537783131493	0.00553426990208599	0.0665957204128107
CGG	0.0015956478437336	0.00434320425208808	-1.0013325572393
CGT	0.00999978402194337	0.00674859700220217	0.393228863200434
CTA	0.0128106556933239	0.0153317094139562	-0.17964589377638
CTC	0.0199012027959827	0.0101057411810226	0.67767647579853
CTG	0.00880144965053068	0.0115322259949221	-0.270228935853135
CTT	0.0535754517190105	0.0222263439364432	0.879812723697188
GAA	0.0065865943432778	0.0207748109276123	-1.14870481642307
GAC	0.00368084992219778	0.00696319454312917	-0.637494672492903
GAG	0.000920357012906402	0.00847306865371224	-2.21988636653557
GAT	0.0108184637997557	0.0177796472797037	-0.496800106354971
GCA	0.00549361944590774	0.0125905246987614	-0.829357204966118
GCC	0.0063374901817321	0.00793001671348814	-0.224172323589787
GCG	0.00198193758503584	0.00517767217533158	-0.960280623753405
GCT	0.009890726903641	0.0116456935408211	-0.163338816739563
GGA	0.00232555647244162	0.0106151056416943	-1.5183186938331
GGC	0.0020785565817387	0.00595232059381243	-1.0521074575574
GGG	0.000877512146052265	0.00443472450033412	-1.62012997648635
GGT	0.00343318170114153	0.00767918088737201	-0.805025445305266
GTA	0.0084859986413776	0.0123683566005388	-0.376723737265381
GTC	0.00613180145872329	0.00764335738917132	-0.220348372907091
GTG	0.00524505588993981	0.0101417399804497	-0.659373681504535
GTT	0.0211149201912789	0.0171013779527559	0.210820866367357
TAA	0.0197677588180777	0.0324930788285007	-0.496974839545084
TAC	0.0159681939646744	0.0152070242943982	0.0488414208446706
TAG	0.000898934120970849	0.013568188319915	-2.71427348620348
TAT	0.0465842332009176	0.0324715873610591	0.360896668627603
TCA	0.0187125585448208	0.0184692777578153	0.0130861884712266
TCC	0.0362868824305009	0.0145788695878951	0.911883118531265
TCG	0.0106218596358528	0.00909368324687214	0.155334083643806
TCT	0.0415376734448429	0.0177117796414557	0.852370874604317
TGA	0.0109277213917442	0.0184954184954185	-0.526220244913451
TGC	0.0132715079683217	0.0142261980830671	-0.0694657209418095
TGG	0.00489943269726663	0.012342529427672	-0.923931553057433
TGT	0.0230024610336341	0.0171013779527559	0.296442169372689
TTA	0.0340184188123957	0.0337949792103042	0.00658986032853237
TTC	0.0533262757199329	0.0217315179104785	0.897665542508959
TTG	0.0237190923917208	0.0227427369636487	0.0420344698999493
TTT	0.107521788556271	0.0410855397789881	0.962037281873936
