motif	movercomp3p	movercomp5p	gamma
AAA	0.0150415135602487	0.0404986721746828	-0.990455238651626
AAC	0.0132250285569235	0.0189019985552613	-0.357156523084031
AAG	0.00134211351520853	0.0176522931146437	-2.57662007488401
AAT	0.0323681930452999	0.0392082223068139	-0.19171023303991
ACA	0.00993080066289676	0.0177807977005827	-0.582477988617788
ACC	0.012608133133768	0.0106281347026511	0.170837390392222
ACG	0.00351971037811746	0.00618238021638331	-0.563324638320124
ACT	0.0210001278935925	0.0174748877387243	0.183763663884049
AGA	0.00119141678267304	0.0150524737631184	-2.53639917470264
AGC	0.00135467362400281	0.0112681778531911	-2.1184220763841
AGG	0.000300721732157177	0.00734410150809994	-3.19546739484132
AGT	0.00229758063503622	0.015618905896542	-1.91662542543056
ATA	0.0200868898543317	0.0325516702862302	-0.482761325608269
ATC	0.0275843426997387	0.0204315401727849	0.300168524474019
ATG	0.00966256892801133	0.0178175192577136	-0.611922653777875
ATT	0.0697182060593067	0.0391571812723321	0.576877654369162
CAA	0.0132764704389105	0.0224410281192425	-0.524897567450543
CAC	0.0114534765862558	0.0109239029809295	0.0473399936058279
CAG	0.000714509558132247	0.0102601751213136	-2.66442881228087
CAT	0.0269498437037704	0.0213736588662668	0.231818228093386
CCA	0.0175774030311142	0.015618905896542	0.118132061505094
CCC	0.0184601645723034	0.00867077858228301	0.7556565554724
CCG	0.00604899687468495	0.00556070435588508	0.0841676695061873
CCT	0.0253670190220533	0.0114978247358608	0.791292002517327
CGA	0.00573213903271729	0.00946485122828362	-0.501496301243198
CGC	0.00607435412728418	0.00568019773742751	0.0670896220236994
CGG	0.00153054823736043	0.00423027404818834	-1.01664078147194
CGT	0.00993080066289676	0.00661322168565787	0.406570174674089
CTA	0.0127879833553233	0.0154483006869244	-0.18899307978217
CTC	0.0201129596974111	0.0100190355708583	0.696877527750144
CTG	0.00883323013155068	0.0115099143031303	-0.264688016243503
CTT	0.054180036709847	0.0220952772024324	0.896948629771252
GAA	0.00651831305553804	0.0209424083769634	-1.16716060340739
GAC	0.00364587262075382	0.00684075902682767	-0.629302955376577
GAG	0.000940356332359542	0.00827421055453294	-2.17463991401861
GAT	0.0109027364475567	0.0178420017679638	-0.492541519619766
GCA	0.00535217298223079	0.012605217973952	-0.856608209799973
GCC	0.00636605443291691	0.00783594531510504	-0.207741641991735
GCG	0.00197050517728271	0.00511882563925937	-0.954635100365645
GCT	0.00990524864324659	0.0116731517509728	-0.164226700118311
GGA	0.00229758063503622	0.010477299185099	-1.51735426284212
GGC	0.00197050517728271	0.00599699258845415	-1.11296816326512
GGG	0.000839967404249984	0.00440905071891857	-1.6580516021687
GGT	0.00329269825311047	0.00768594204883044	-0.847685585907866
GTA	0.00855283936580128	0.0123750680359589	-0.369420488908369
GTC	0.00597293278560448	0.00761995475651863	-0.243532371567253
GTG	0.00533951239169857	0.0101817921386538	-0.645466704295793
GTT	0.0210001278935925	0.017205839047579	0.199279722156269
TAA	0.0199304987735078	0.032299773120929	-0.48280904590522
TAC	0.0157906121566083	0.0155153173260377	0.0175878455966103
TAG	0.000814873318540248	0.0138243327423451	-2.8311528968723
TAT	0.0465515659207404	0.0323249573066602	0.364721038796499
TCA	0.0185901116427432	0.0184176800101084	0.00931873385278159
TCC	0.0365099974032719	0.0143711570039913	0.932362912454557
TCG	0.010685167367195	0.00907367442082295	0.163479252249948
TCT	0.0419347681384513	0.0177991581479254	0.856964110231907
TGA	0.0108003393307082	0.0184483194339146	-0.535395725598498
TGC	0.0132893317255823	0.0140672929447853	-0.0568908660673806
TGG	0.00475746973091348	0.0124416796267496	-0.961336138649808
TGT	0.0231461307769205	0.0173097728092319	0.290556385222969
TTA	0.0337049553924044	0.0338066880439762	-0.00301378320525769
TTC	0.0537347711883423	0.0217929369151826	0.902474377553635
TTG	0.0234609368990539	0.0227561120040606	0.0305030096153605
TTT	0.107716216403724	0.040888992749568	0.968639242064071
