motif	movercomp3p	movercomp5p	gamma
AAA	0.0157145890847314	0.0418996200248199	-0.98068723632417
AAC	0.0131328108451599	0.0180513538515389	-0.318106944110589
AAG	0.00122981919041264	0.0180640806070531	-2.6870583107867
AAT	0.0326550439898526	0.040209477583344	-0.208103398154505
ACA	0.0102706270627063	0.0167802831672784	-0.490916496392532
ACC	0.0124894157493649	0.0101087778921648	0.211477400936448
ACG	0.00335640864275225	0.00607812615817953	-0.59382490479048
ACT	0.0213810960147345	0.0177841654689746	0.184198686842732
AGA	0.00117742484104765	0.0146646565579796	-2.52211056738016
AGC	0.00107265259137169	0.012419348823332	-2.44912100741048
AGG	0.000522957849597323	0.00731010427103046	-2.63751194949202
AGT	0.00230511316010059	0.0157910492441251	-1.92431350741008
ATA	0.0202645051194539	0.0331493815413892	-0.492153220763659
ATC	0.0276076914813621	0.020756561630443	0.285231990918286
ATG	0.0108310878638981	0.0177460071483916	-0.493740036148503
ATT	0.0671872821084925	0.03875	0.550353219480977
CAA	0.014610346564845	0.022140221402214	-0.41566598077838
CAC	0.0105374356265681	0.0112627435397549	-0.0665660323281836
CAG	0.000732294173030652	0.0104722435913343	-2.66030125956795
CAT	0.0276904896194236	0.0199767042821537	0.326522210430102
CCA	0.0183095592931659	0.0155377094972067	0.164153349134854
CCC	0.0184992946312119	0.00809566250742721	0.826404177974149
CCG	0.00610012620950778	0.00535776011061182	0.129763463117269
CCT	0.0244986478888324	0.0122683372487601	0.691596191825285
CGA	0.00546562959848644	0.0092700458545049	-0.528309005542725
CGC	0.00570347202144716	0.00505997926642642	0.1197127302211
CGG	0.00185897939412981	0.00452689617742473	-0.890008909818214
CGT	0.00941778563326035	0.00684931506849315	0.318451332901848
CTA	0.012891441882627	0.016386895475819	-0.239918287806125
CTC	0.0195305214356132	0.0100085575026975	0.668537966426028
CTG	0.00891209196857037	0.0113883334782231	-0.245180449522477
CTT	0.0546567073674926	0.0221787099446474	0.901939123026795
GAA	0.00649709340558171	0.019900061365828	-1.11936790691569
GAC	0.00375121324204507	0.00701116593092703	-0.625424692302158
GAG	0.000836995187277673	0.00904495217326659	-2.38014378966614
GAT	0.0103239775037626	0.0175679728108756	-0.531608414844793
GCA	0.00580921588728544	0.0126837275236887	-0.780874271957021
GCC	0.00631180307174416	0.0079708889273956	-0.233374636729983
GCG	0.0017278391538824	0.00496075818154894	-1.05468700443285
GCT	0.00992398648648649	0.0123060859188544	-0.215139226032499
GGA	0.00230511316010059	0.0105850964819756	-1.5243172509543
GGC	0.00230511316010059	0.00606569730811519	-0.967519739708438
GGG	0.000863173864141665	0.00463842490932866	-1.68151399278014
GGT	0.00406728069484899	0.00712324701343029	-0.560389020471001
GTA	0.0076633397413952	0.0118910053304507	-0.439334373427053
GTC	0.00670893735694178	0.00777131543125851	-0.146998874853402
GTG	0.00475277682955649	0.00975809351402958	-0.719368001733854
GTT	0.0218175020695917	0.0167295063547155	0.265538486943192
TAA	0.0193132475558752	0.0340151601721708	-0.566015050351048
TAC	0.0175513243271992	0.0144876985362815	0.19182949476108
TAG	0.00102027468933944	0.0129230463065461	-2.53894035848808
TAT	0.0464651989607548	0.0329397141081417	0.344024577407142
TCA	0.0179573811487403	0.0188155228063152	-0.0466809738654876
TCC	0.035617624769947	0.0153984264927746	0.838575264749475
TCG	0.0104306952916634	0.00929506246281975	0.115269588266301
TCT	0.0417075029946641	0.016958041958042	0.899938867437585
TGA	0.0112852498876761	0.0186753392957658	-0.503707345930008
TGC	0.0137501655848457	0.0143234356317258	-0.0408461845989843
TGG	0.00517508603252161	0.011614473994758	-0.808396114822723
TGT	0.0226094393072853	0.0165137614678899	0.314173425887884
TTA	0.0359540827377085	0.0330183294222109	0.0851798005265709
TTC	0.0503431237990667	0.0219734712060938	0.829026170333342
TTG	0.024471218206158	0.022255695725852	0.094899696343588
TTT	0.105927916991821	0.0418196471747112	0.929392577203598
