"AC"	"AG"	"AT"	"CG"	"CT"	"GT"	"SIsymm"	"SIasymm"
41463	41463	41463	22035	22035	19208	63498	167990
187	502	466	163	697	371	629	1350
90	201	186	89	333	136	275	568
60	122	120	48	175	88	168	356
38	76	82	24	129	56	106	220
32	62	71	26	94	45	97	193
19	49	43	23	86	35	66	157
14	36	46	12	60	32	58	109
13	28	34	15	53	25	49	90
8	39	24	11	44	13	35	89
7	26	23	6	40	21	29	70
9	22	18	9	41	18	27	66
6	26	18	5	35	18	23	75
14	23	19	6	35	16	25	64
7	17	20	9	33	10	29	52
6	13	12	6	26	5	18	45
10	15	19	8	25	15	27	52
8	14	7	5	26	7	12	46
11	15	18	4	24	13	22	49
5	11	12	6	26	8	18	39
9	9	20	2	28	10	22	38
5	11	9	5	18	8	14	35
4	10	15	7	25	4	22	30
2	10	11	4	21	11	15	35
10	18	8	2	29	5	10	47
3	13	10	2	11	7	12	32
4	9	5	1	11	5	6	27
10	9	13	7	16	4	20	35
6	4	15	3	9	4	18	26
1	6	18	4	17	5	22	16
2	9	8	3	13	8	11	28
5	11	6	2	15	7	8	29
11	7	9	7	20	4	16	33
6	12	8	2	14	3	10	32
5	2	5	0	14	4	5	20
7	12	9	3	8	7	12	30
1	9	7	3	21	5	10	35
8	11	6	3	13	8	9	32
4	8	6	4	6	0	10	21
6	7	7	1	14	5	8	30
5	5	9	2	8	3	11	18
4	10	6	4	5	5	10	22
3	6	10	1	12	5	11	26
0	8	2	4	8	6	6	16
1	3	4	3	10	8	7	12
5	6	8	0	9	5	8	22
6	10	8	0	9	0	8	38
3	6	6	1	11	3	7	20
1	6	7	1	8	1	8	24
0	9	3	2	7	6	5	19
6	4	5	3	7	2	8	21
4	10	4	2	11	1	6	20
4	6	8	0	11	2	8	21
3	8	5	2	6	1	7	21
3	10	6	2	12	4	8	21
0	4	8	0	8	2	8	10
3	7	6	3	7	1	9	18
3	8	4	0	6	2	4	25
4	5	4	2	10	4	6	12
2	4	8	1	11	6	9	16
1	8	9	0	10	1	9	18
3	1	5	2	9	2	7	15
4	2	4	3	6	2	7	12
4	10	4	3	13	0	7	23
1	5	5	0	7	1	5	12
3	6	1	3	4	3	4	14
7	6	6	1	5	2	7	18
1	7	7	0	10	4	7	16
3	7	7	3	4	2	10	21
8	6	1	2	10	1	3	25
3	6	4	3	9	1	7	16
2	4	3	2	8	2	5	12
5	4	3	1	6	0	4	23
4	8	8	1	7	1	9	21
1	4	2	1	4	2	3	10
2	7	5	1	12	2	6	16
4	5	2	0	3	3	2	16
0	3	9	2	9	2	11	10
0	5	7	4	3	6	11	13
2	0	4	4	7	4	8	16
2	5	3	2	8	2	5	17
0	1	7	2	8	1	9	10
3	10	3	2	8	7	5	20
1	4	4	2	6	2	6	12
4	5	5	2	3	3	7	18
2	7	3	2	3	3	5	21
1	7	5	2	3	1	7	18
3	1	8	0	2	1	8	10
3	8	3	0	11	3	3	23
0	6	5	4	9	4	9	10
5	5	4	2	5	3	6	23
3	3	4	0	6	1	4	13
2	7	4	1	7	3	5	15
4	5	5	2	4	1	7	12
4	7	4	4	2	3	8	19
3	4	1	3	6	8	4	20
4	1	2	2	3	2	4	5
1	6	4	2	7	2	6	14
3	5	2	2	4	3	4	15
4	4	12	1	5	2	13	17
0	8	6	0	0	0	6	13
2	6	10	1	10	3	11	22
1	5	3	1	7	1	4	11
2	5	4	4	2	1	8	12
3	5	4	4	3	3	8	18
1	1	3	2	6	1	5	9
3	4	3	0	8	5	3	15
2	2	9	2	4	0	11	17
2	10	5	1	5	7	6	26
2	11	7	1	4	2	8	16
1	3	2	2	6	4	4	8
1	10	4	1	7	5	5	17
3	6	7	0	7	2	7	15
1	6	2	1	5	2	3	15
2	8	6	2	4	3	8	25
1	3	4	1	7	2	5	13
3	9	6	2	8	2	8	22
1	4	4	1	12	2	5	16
2	5	6	6	6	2	12	16
1	2	7	0	2	5	7	14
3	7	5	3	6	1	8	16
3	8	5	1	4	3	6	25
1	2	6	0	1	4	6	9
2	6	2	0	8	1	2	16
5	4	4	4	7	7	8	15
4	3	2	1	2	4	3	17
1	6	5	2	6	1	7	17
5	5	4	2	8	3	6	21
4	6	8	2	6	5	10	16
5	8	3	4	6	2	7	27
5	10	3	0	4	1	3	22
5	8	6	1	3	2	7	20
3	9	7	2	5	1	9	20
7	4	6	3	5	4	9	24
2	10	2	1	4	2	3	20
1	4	10	2	3	8	12	16
6	5	5	0	4	5	5	22
3	9	8	3	9	1	11	29
2	8	5	1	3	0	6	24
8	6	5	1	10	4	6	22
4	7	12	2	6	2	14	19
4	8	6	2	4	2	8	22
7	12	10	1	5	3	11	35
0	5	9	0	5	5	9	12
4	10	4	2	8	3	6	27
2	9	9	2	4	2	11	23
6	10	5	3	9	2	8	25
6	8	5	1	7	3	6	27
4	13	4	1	14	3	5	26
4	7	7	0	7	4	7	25
6	12	10	3	15	7	13	27
3	11	8	2	10	1	10	28
7	10	2	4	3	5	6	35
5	8	10	3	6	2	13	27
3	11	6	1	12	5	7	31
2	9	8	1	5	3	9	21
6	12	10	3	5	3	13	29
3	8	5	2	12	5	7	30
6	14	9	7	3	6	16	26
5	6	7	8	9	4	15	32
10	11	7	2	19	6	9	47
2	9	15	3	9	2	18	26
4	11	13	3	10	3	16	33
4	11	9	4	7	7	13	32
3	15	11	3	11	4	14	42
13	17	16	2	7	6	18	52
4	23	14	1	11	6	15	48
5	17	12	4	6	3	16	44
4	19	10	0	13	3	10	36
6	11	8	3	7	9	11	37
9	23	12	2	11	3	14	48
10	12	10	7	10	6	17	40
5	15	9	1	13	6	10	54
8	13	10	2	16	7	12	53
9	12	14	2	13	3	16	50
9	16	11	7	11	8	18	51
10	18	15	4	8	12	19	66
10	23	6	5	15	8	11	67
11	26	7	7	14	9	14	74
16	17	22	8	16	8	30	66
16	24	22	7	20	7	29	80
21	25	18	2	15	11	20	77
14	21	19	4	23	5	23	78
11	30	13	8	20	7	21	92
11	26	28	9	27	16	37	90
23	31	25	15	22	13	40	113
21	37	35	11	29	8	46	119
15	30	20	10	30	12	30	102
28	46	29	13	38	11	42	152
30	55	37	11	40	19	48	177
36	70	40	17	60	29	57	227
53	86	50	21	67	32	71	278
52	110	74	32	77	29	106	347
94	178	96	46	124	50	142	535
148	290	178	69	202	75	247	907
374	625	452	154	468	193	606	2067
22035	19208	42532	19208	42532	42532	61740	82486
