"AC"	"AG"	"AT"	"CG"	"CT"	"GT"	"SIsymm"	"SIasymm"
4173	4173	4173	2702	2702	2338	6875	17202
28	67	59	21	116	44	80	187
16	28	20	14	48	15	34	78
7	13	8	10	26	6	18	45
5	8	4	9	17	14	13	36
4	5	5	6	12	5	11	19
2	7	8	2	10	5	10	18
1	2	5	3	10	4	8	9
0	9	7	0	4	1	7	18
3	2	1	0	7	3	1	11
1	6	4	2	4	3	6	8
3	3	2	0	7	2	2	10
0	2	4	1	5	1	5	4
1	2	2	0	6	0	2	8
2	2	0	0	7	2	0	8
1	0	1	0	5	1	1	7
0	3	2	0	5	0	2	7
1	4	0	1	2	0	1	8
1	1	0	3	2	1	3	4
0	0	0	0	3	0	0	1
1	2	3	0	2	2	3	4
0	5	2	0	0	0	2	6
0	2	1	1	5	3	2	3
1	2	3	1	2	0	4	8
1	2	2	0	2	1	2	5
0	4	0	0	5	2	0	5
1	2	0	2	1	2	2	3
1	1	2	1	3	0	3	3
1	0	1	0	1	0	1	2
0	1	1	0	0	1	1	3
0	0	2	0	4	1	2	3
0	1	1	0	0	0	1	2
0	0	1	0	4	3	1	0
2	1	1	0	2	0	1	5
1	0	2	0	3	1	2	2
0	1	0	0	3	1	0	1
0	0	2	0	1	0	2	2
1	1	0	0	3	0	0	7
0	0	2	1	3	0	3	1
1	2	0	0	1	0	0	5
0	2	0	0	1	0	0	3
0	1	0	0	3	0	0	3
0	0	0	0	0	0	0	1
0	0	0	0	1	0	0	0
0	0	1	0	0	0	1	2
3	2	0	0	0	1	0	7
0	1	0	0	1	0	0	3
1	0	1	0	1	2	1	2
0	0	1	1	2	2	2	1
0	1	0	0	2	0	0	2
1	1	1	0	0	0	1	2
1	0	2	0	1	0	2	3
0	0	0	0	0	0	0	0
0	1	0	0	0	1	0	1
0	0	1	0	1	1	1	0
0	0	1	1	4	1	2	2
0	2	0	0	1	0	0	3
0	3	0	0	0	0	0	4
0	1	0	0	1	1	0	1
2	0	1	0	0	1	1	3
0	1	0	0	1	0	0	2
0	1	1	0	0	0	1	4
0	1	0	0	1	0	0	1
0	1	0	1	0	1	1	1
0	0	1	0	0	0	1	0
0	0	1	0	0	2	1	1
0	0	0	0	0	0	0	0
0	2	1	0	1	0	1	2
0	1	0	0	1	0	0	3
2	0	1	0	0	0	1	2
0	0	0	0	0	0	0	0
0	0	0	0	1	1	0	2
1	0	1	1	0	0	2	1
0	0	1	0	5	0	1	1
0	0	1	0	1	0	1	1
1	0	0	0	2	1	0	1
1	1	0	0	1	0	0	2
0	0	1	0	0	1	1	1
0	2	0	0	1	0	0	3
1	1	0	0	1	0	0	4
1	1	1	0	1	0	1	3
0	0	0	0	1	0	0	0
0	1	0	1	2	0	1	1
0	1	0	0	1	1	0	2
0	0	0	0	4	0	0	1
0	0	0	0	0	0	0	2
0	2	0	0	1	1	0	3
0	0	0	0	1	0	0	0
0	0	1	0	0	0	1	1
0	0	0	0	1	0	0	0
0	0	0	0	1	0	0	2
0	0	0	0	0	0	0	0
0	0	1	0	0	1	1	0
0	1	1	3	1	1	4	1
0	0	0	1	2	0	1	1
0	2	0	0	0	0	0	2
0	0	3	0	1	0	3	0
2	0	0	0	1	0	0	3
0	1	2	0	1	0	2	2
0	0	0	0	0	1	0	1
0	2	1	0	0	0	1	3
0	0	0	0	0	0	0	0
2	0	0	0	1	0	0	4
0	1	0	1	0	0	1	3
0	0	0	0	0	0	0	1
0	0	0	1	0	0	1	0
0	1	1	0	2	0	1	2
0	1	1	0	0	0	1	2
0	0	2	1	0	1	3	0
0	0	2	1	0	0	3	1
0	1	0	0	1	0	0	3
1	0	0	0	1	1	0	1
0	0	0	1	1	0	1	4
0	0	0	0	1	0	0	2
0	1	0	0	0	0	0	3
0	1	0	0	0	0	0	2
0	1	1	0	1	0	1	2
1	0	1	0	1	1	1	2
0	1	0	0	1	0	0	2
0	0	0	0	1	0	0	1
0	0	0	1	0	0	1	1
0	3	1	0	0	0	1	6
1	0	0	0	1	0	0	2
0	0	0	0	1	0	0	5
0	1	0	0	0	0	0	1
0	1	0	0	0	2	0	3
0	1	0	1	0	0	1	1
0	1	1	1	0	0	2	1
0	1	0	0	2	0	0	2
0	0	0	0	0	0	0	1
0	1	0	0	0	0	0	1
0	1	0	0	1	0	0	3
1	0	0	0	0	0	0	1
0	0	0	0	0	0	0	1
2	0	1	0	0	0	1	3
0	0	0	0	2	1	0	0
0	0	0	2	1	0	2	1
0	3	0	0	1	0	0	4
0	0	1	0	0	0	1	2
0	0	0	0	1	0	0	0
0	0	0	0	1	0	0	1
0	1	0	0	0	2	0	6
1	0	0	0	0	0	0	3
0	1	1	0	0	0	1	2
1	1	0	0	0	0	0	2
1	1	0	0	0	2	0	3
0	1	1	1	0	0	2	1
2	1	1	0	1	0	1	5
0	0	0	0	0	1	0	4
0	1	0	0	1	0	0	4
0	2	1	2	1	1	3	3
0	0	0	0	2	0	0	1
0	1	1	0	2	0	1	1
0	0	0	0	0	0	0	1
1	0	0	0	1	0	0	1
1	1	0	0	2	0	0	5
0	0	1	0	0	1	1	1
0	0	1	0	2	0	1	1
0	1	1	0	1	0	1	4
1	0	0	0	2	3	0	4
1	1	0	0	2	0	0	3
0	0	4	0	0	0	4	4
1	2	2	0	0	1	2	7
0	4	1	0	2	0	1	6
1	1	1	0	0	0	1	9
0	0	0	0	0	1	0	0
0	4	1	0	2	1	1	9
1	0	1	0	1	1	1	2
0	1	1	1	0	1	2	2
0	1	0	0	0	1	0	4
0	1	0	0	0	0	0	4
0	2	1	2	1	0	3	9
2	0	3	1	1	1	4	5
1	4	1	0	3	2	1	7
0	3	1	1	0	1	2	11
3	5	0	0	1	0	0	8
1	3	0	2	1	0	2	8
2	1	1	2	1	0	3	6
1	4	3	1	2	0	4	8
1	5	3	1	2	1	4	8
0	2	4	1	2	2	5	7
3	1	1	0	5	1	1	10
0	2	3	0	1	3	3	11
6	4	1	0	5	0	1	16
0	6	4	0	1	1	4	12
4	3	2	1	4	0	3	16
2	2	4	2	1	0	6	11
2	5	4	2	4	2	6	17
2	8	6	1	5	4	7	15
2	12	6	1	3	3	7	28
5	17	4	0	4	5	4	37
7	7	11	5	5	5	16	31
10	15	3	4	19	4	7	56
14	18	8	1	18	7	9	64
22	39	15	12	24	10	27	124
52	101	62	27	64	28	89	313
2702	2338	4428	2338	4428	4428	6766	10080
