motif	5' proportion	3' proportion	gamma
AGGG	0.00105126486848718	2.90320707608338e-05	-3.59037103290917
AGAG	0.00234126319316468	6.77414984419455e-05	-3.54502318564476
AGGA	0.00287317808678171	8.70962122825014e-05	-3.4989508610732
TAGG	0.00184704305578824	5.80641415216676e-05	-3.46158368843737
GTAG	0.00207739989948065	6.77414984419455e-05	-3.42518519166706
CAGG	0.00132769308091808	4.83867846013897e-05	-3.31325164583692
AGGC	0.00153710839336572	5.80641415216676e-05	-3.27759020105838
AAGG	0.00288993131177752	0.000116128283043335	-3.21707052510561
ATAG	0.00461132518009717	0.000193547138405559	-3.17517788453943
AAAG	0.00644580331713855	0.00028064335068806	-3.14028588542877
ACAG	0.00234126319316468	0.000106450926123057	-3.09299934910228
GAAG	0.00287317808678171	0.000135482996883891	-3.05706971662401
TAGA	0.00415898810521025	0.000222579209166392	-2.93168910198603
CTAG	0.00232869827441783	0.000125805639963613	-2.92053213424661
GGAG	0.00159993298710002	8.70962122825014e-05	-2.91221774261439
GCAG	0.00232032166191992	0.000135482996883891	-2.84280247983882
TAAG	0.00464901993633775	0.00028064335068806	-2.81170623892466
TAGC	0.00303652203049087	0.000183869781485281	-2.80709752772089
AAGA	0.00511811023622047	0.000319352778369172	-2.77905602420985
GAGG	0.00123136203719216	7.74188553622235e-05	-2.76780052169557
TTAG	0.0044396046238901	0.00028064335068806	-2.76540476041826
CCAG	0.00256743173060814	0.000164515067644725	-2.75006539361658
GAGA	0.00265538616183615	0.000174192424565003	-2.72666950399919
CAAG	0.00347210588038197	0.00023225656608667	-2.70791978597737
TCAG	0.00292762606801809	0.000212901852246115	-2.623834881407
CAGA	0.00297369743675658	0.000222579209166392	-2.59503387488526
AGAA	0.00546573965488356	0.000416126347571951	-2.58033031967616
CGAG	0.0015036019433741	0.000116128283043335	-2.56231193426373
CAGC	0.00274334059306416	0.000212901852246115	-2.55863456530871
AGCA	0.00374853409281287	0.000309675421448894	-2.49704126665083
AAGC	0.0037904171553024	0.000338707492209728	-2.4185533334375
CAGT	0.00312447646171888	0.000290320707608338	-2.37887482061511
AGAC	0.00183028983079243	0.000183869781485281	-2.2996498932021
AGCG	0.00139470598090132	0.000145160353804169	-2.26385039457894
TAGT	0.00431814374267046	0.00051289991677473	-2.13431462992445
AAGT	0.00567934327358016	0.000677414984419455	-2.13132471108725
AGCC	0.00249204221812699	0.000299998064528616	-2.11927690761401
GAGC	0.00197688054950578	0.000241933923006948	-2.10234763178328
GGGA	0.00173395878706651	0.000212901852246115	-2.09885365688431
AGTA	0.00395376109901156	0.000503222559854453	-2.06484829332372
GGGG	0.000758083431060479	9.67735692027793e-05	-2.05908112804405
AGGT	0.00178421846205395	0.00023225656608667	-2.040446641558
AGAT	0.00500083766124979	0.000667737627499177	-2.01781080948895
AGTG	0.00309097001172726	0.000425803704492229	-1.98493165032652
TGAG	0.00277265873680684	0.000396771633731395	-1.94658074564192
AGCT	0.0037987937678003	0.000619350842897788	-1.81695344864865
AGTC	0.00248366560562908	0.000406448990651673	-1.81211260122314
GGAA	0.00374853409281287	0.000638705556738344	-1.77279324118889
GCGG	0.000846037862288491	0.000164515067644725	-1.63824381780029
GAGT	0.00260931479309767	0.000522577273695008	-1.61016008044953
AGTT	0.00587619366728095	0.00119031490119419	-1.6013938243712
GGCG	0.000913050762271737	0.000203224495325837	-1.50319044486719
TGGG	0.00203970514324007	0.000474190489093619	-1.4605189072965
GAAA	0.00786982744178254	0.00187740724253392	-1.43916622364175
CGGG	0.000607304406098174	0.000145160353804169	-1.43165345642062
GGTG	0.00163343943709164	0.000396771633731395	-1.4163201941075
ATGG	0.00341765789914559	0.000851607408984458	-1.39215667878867
GCGA	0.00186379628078405	0.000474190489093619	-1.37015281351559
GATG	0.00285642486178589	0.000764511196701957	-1.32018511112339
GGCA	0.00199782208075054	0.00056128670137612	-1.27101945355216
GTGG	0.00204389344948903	0.00060967348597751	-1.21112440220211
CGGA	0.0015748031496063	0.000474190489093619	-1.2013781838845
GGGC	0.000770648349807338	0.00023225656608667	-1.19992818627384
GGAC	0.0012899983246775	0.000396771633731395	-1.17992929409234
AAAA	0.011568101859608	0.00359997677434339	-1.17535313740129
GCTG	0.00239571117440107	0.000774188553622235	-1.1312440508983
TGGA	0.00407103367398224	0.00134515261191863	-1.11012275318127
GATA	0.00483749371754063	0.00160644124876614	-1.10561693100534
GCAA	0.00401658569274585	0.00133547525499835	-1.10383329287029
GGAT	0.00376528731780868	0.00126773375655641	-1.09109716421889
ACGG	0.000921427374769643	0.000309675421448894	-1.0910113694245
GGGT	0.00116434913720891	0.000396771633731395	-1.07732482123893
GACG	0.000933992293516502	0.000319352778369172	-1.07378683205013
GCTA	0.00322499581169375	0.00112257340275224	-1.0574149242023
GACA	0.00214860110571285	0.000774188553622235	-1.022133231868
GGTA	0.00175490031831127	0.000638705556738344	-1.01184130734217
CTGG	0.00229938013067515	0.000861284765904736	-0.983410040759937
GTGA	0.00283548333054113	0.00108386397507113	-0.963435057868163
ATGA	0.00503015580499246	0.00199353552557725	-0.928588574755279
GGCC	0.00112246607471938	0.000445158418332785	-0.925531020105301
TCGG	0.00154548500586363	0.000619350842897788	-0.915348295563438
CGGC	0.00103451164349137	0.000416126347571951	-0.91131465220497
AATG	0.00707823756073044	0.00287417500532255	-0.905484359964643
ACGA	0.00217373094320657	0.000909671550506126	-0.872382709371457
CGAA	0.00371083933657229	0.00155805446416475	-0.869978654811671
GGTC	0.00124392695593902	0.000522577273695008	-0.867977676751636
TAAA	0.0120413804657397	0.00518706330926897	-0.849095291612969
CAAA	0.00802898307924275	0.0034644937774595	-0.845082233652249
ATAA	0.0100142402412464	0.00437416532796563	-0.833973344789435
TGAA	0.00728346456692913	0.00341610699285811	-0.760993217810609
GAAC	0.00299045066175239	0.00141289411036058	-0.751364975541262
ACAA	0.00575892109231027	0.00272901465151838	-0.749852358684428
AACG	0.00229100351817725	0.00108386397507113	-0.749666708331108
TGGC	0.00263863293684034	0.00125805639963613	-0.742076237880392
GTCA	0.00231194504942201	0.00111289604583196	-0.732324620962814
GTAA	0.00401658569274585	0.00193547138405559	-0.732168632447171
AATA	0.011300050259675	0.00549673873071787	-0.726504694674402
GGCT	0.00194337409951416	0.000948380978187237	-0.718421104583492
GTCG	0.00116016083095996	0.000570964058296398	-0.709577366602503
AACA	0.00582593399229352	0.00290320707608338	-0.699438855762501
CCGG	0.000908862456022784	0.000454835775253063	-0.692711685410631
TTGG	0.00428044898642989	0.00218708266398281	-0.67358952710679
GCCG	0.00108895962472776	0.00056128670137612	-0.663274326262162
ACTG	0.0030867817054783	0.00159676389184586	-0.660643530956206
GCAC	0.00226587368068353	0.00119999225811446	-0.636713042175694
TGCG	0.00202714022449322	0.00108386397507113	-0.627038378398034
CACG	0.00121460881219635	0.000667737627499177	-0.598829401869742
GCCA	0.00312447646171888	0.00172256953180947	-0.596854959983327
GTTG	0.00308259339922935	0.00172256953180947	-0.583317465055729
CGCA	0.00194756240576311	0.00109354133199141	-0.578012505664567
AAAC	0.00699447143575138	0.00393868426655312	-0.577345903175359
GAAT	0.00638716702965321	0.00361933148818395	-0.570783243870349
CTAA	0.00546155134863461	0.00314514099909033	-0.55420058005652
ACTA	0.00460294856759926	0.00266127315307643	-0.549841207959783
GCGC	0.00101775841849556	0.000590318772136954	-0.54512295987737
AAAT	0.0143365722901659	0.00838059109296069	-0.542919755240922
CGCG	0.000678505612330374	0.000396771633731395	-0.536813751163815
GACC	0.00147847210588038	0.000870962122825014	-0.529774208199262
TGGT	0.00340090467414977	0.00203224495325837	-0.516272794677673
CGGT	0.00110152454347462	0.000658060270578899	-0.515597778884625
GTTA	0.00435165019266209	0.00265159579615615	-0.497099510491975
GCGT	0.00130256324342436	0.000803220624383068	-0.483959770422772
CGTG	0.00128162171217959	0.000793543267462791	-0.479862037192937
CTGA	0.00331713854917072	0.0020612770240192	-0.477036071278546
CACA	0.00385743005528564	0.00240966187314921	-0.47196705623936
GTGC	0.00239571117440107	0.00150966767956336	-0.462678358338986
CATG	0.00273496398056626	0.00173224688872975	-0.45770388240291
CATA	0.00606047914223488	0.00392900690963284	-0.435544336782073
TACA	0.00541129167364718	0.00351288056206089	-0.433958367710908
ACAC	0.00299045066175239	0.0020612770240192	-0.373029920347201
TGCA	0.00480817557379796	0.00332901078057561	-0.369127724380166
TACG	0.00169207572457698	0.00119031490119419	-0.352240604704443
TCAA	0.00678505612330374	0.00479996903245786	-0.348109751994432
ACGC	0.00131512816217122	0.000929026264346682	-0.347938927168592
TTAA	0.0124183280281454	0.00883542686821375	-0.344025417073684
ATCA	0.00595995979226001	0.00423868233108173	-0.342541385043186
GATC	0.00326269056793433	0.00233224301778698	-0.336654767298725
TTGA	0.00699028312950243	0.00500319352778369	-0.33644372446854
ATTG	0.00696515329200871	0.00506125766930536	-0.321220026213378
ATGC	0.00397051432400737	0.00288385236224282	-0.320859011919294
TCGA	0.00341346959289663	0.00251611279927226	-0.305914104569171
TGAC	0.00247528899313118	0.00191611667021503	-0.256616986629887
GGTT	0.00282291841179427	0.00218708266398281	-0.255840141280938
TATA	0.00980901323504775	0.00761607989625873	-0.255252101043056
ATTA	0.0098215781537946	0.00768382139470068	-0.247621450693185
GCAT	0.00386580666778355	0.00305804478680783	-0.235205186070258
ATAC	0.00497570782375607	0.00400642576499506	-0.217641778084456
TATG	0.004803987267549	0.00389997483887201	-0.209384116218026
ACCG	0.00120623219969844	0.000987090405868349	-0.200714646337278
ACCA	0.0039411961802647	0.00324191456829311	-0.196022007065181
CCGA	0.00183866644329033	0.00151934503648364	-0.191081063283297
CGAC	0.00113503099346624	0.00093870362126696	-0.190111970628598
TGTG	0.0037904171553024	0.00317417306985116	-0.178047329966356
TAAC	0.0050092142737477	0.00419997290340062	-0.177013982392781
CCAA	0.00516836991120791	0.00440319739872646	-0.160995234727143
CAAC	0.00321243089294689	0.00274836936535893	-0.156485609068284
CTGC	0.00288155469927961	0.00247740337159115	-0.151524227714193
ATCG	0.00286898978053275	0.0025451448700331	-0.120097127150161
GACT	0.00229938013067515	0.00204192231017864	-0.119005923024959
GTGT	0.00272658736806835	0.00242901658698976	-0.115862640023837
CCTG	0.00225749706818563	0.00205159966709892	-0.0958432353152938
ACGT	0.00167113419333222	0.00152902239340391	-0.089016320520221
AACT	0.00649187468587703	0.00612576693053593	-0.0584158170036231
ACAT	0.00599765454850059	0.00569028586912342	-0.0529171722188924
CTTA	0.00639135533590216	0.00617415371513732	-0.0347931004762456
GTAC	0.00205645836823589	0.00200321288249753	-0.0262862854170418
CGTA	0.00182191321829452	0.00178063367333114	-0.0229592246173169
TGAT	0.00571703802982074	0.00565157644144231	-0.0115821577129847
GTCC	0.0020815882057296	0.0020612770240192	-0.00982581083221667
CGAT	0.002936002680516	0.00295159386068477	0.00531192968306549
ATGT	0.00510973362372257	0.00514835388158786	0.00756857387570431
TGTA	0.00460713687384822	0.00477093696169702	0.0351006899248327
TAAT	0.0102362204724409	0.0107805756091896	0.0523636392936702
GCTC	0.00208996481822751	0.00220643737782337	0.0543486594050568
CTCA	0.00313285307421679	0.00334836549441616	0.0667444130636863
CAAT	0.00707823756073044	0.00756769311165734	0.0673564017934991
GATT	0.00645417992963645	0.00690963284107844	0.0686470466017308
ATAT	0.012100016753225	0.0129773356300927	0.070886044747442
CTAC	0.00254649019936338	0.00278707879304004	0.090519232975411
CTTG	0.00392444295526889	0.0042967464726034	0.0910075233184102
AACC	0.00354749539286313	0.00389997483887201	0.0950820670875139
CCTA	0.00272658736806835	0.00302901271604699	0.105489249410676
AATC	0.00764784721058804	0.00884510422513403	0.146647125604267
GCCT	0.00203551683699112	0.00237095244546809	0.152878165828386
TCTA	0.00490031831127492	0.00579673679524648	0.168896212066366
TCTG	0.00347210588038197	0.00425803704492229	0.204835955346277
GCCC	0.0015748031496063	0.00194514874097586	0.211579166110587
GTAT	0.0039411961802647	0.00502254824162425	0.2435393669468
CCGC	0.00129837493717541	0.00167418274720808	0.25458806711694
TGCC	0.00291506114927123	0.00378384655582867	0.261722007746126
TTTA	0.0121335232032166	0.0159869936322991	0.279711788063036
GTTC	0.00296950913050762	0.00398707105115451	0.295681339453536
CACC	0.00220723739319819	0.0029806259314456	0.301167037240865
TTAC	0.00538616183615346	0.00727737240404901	0.302840084201052
TGCT	0.00425950745518512	0.0057870594383262	0.308006025150531
CGTC	0.00110990115597252	0.00150966767956336	0.308018874984202
TGTC	0.00264282124308929	0.00359997677434339	0.310040547253445
CACT	0.00370665103032334	0.00505158031238508	0.310923190765042
CTGT	0.0028648014742838	0.00390965219579229	0.31199776522845
TTCA	0.00689814039202546	0.00945477771111154	0.317846040080909
TTGC	0.00464064332383984	0.00638705556738344	0.321176466149283
CTAT	0.00523538281119115	0.0073257591886504	0.338060414926041
CTCG	0.00159993298710002	0.00224514680550448	0.339455622636643
AATT	0.0119785558720054	0.0168095689705228	0.343731841691457
TCAC	0.00281873010554532	0.00399674840807479	0.350376712759692
CCCA	0.00335902161166024	0.00477093696169702	0.352310647493374
CATC	0.00380717038029821	0.00540964251843537	0.352906673393591
CCCG	0.00112665438096834	0.00160644124876614	0.35524925507792
TTTG	0.00799128832300218	0.0114096038090077	0.359555254334445
GTCT	0.00206064667448484	0.00297094857452533	0.366774031866948
TCCG	0.00203551683699112	0.0029806259314456	0.382331047496851
GCTT	0.00410035181772491	0.00610641221669538	0.400282974197525
CCAC	0.00265957446808511	0.00397739369423423	0.403782825642306
TCGC	0.00186379628078405	0.0028064335068806	0.410243887326175
CGCC	0.00124811526218797	0.00190643931329475	0.424262009204798
ACCT	0.00291087284302228	0.0045193256817698	0.441524266035336
TACC	0.00310772323672307	0.00483867846013897	0.444489118680074
TACT	0.00478304573630424	0.00760640253933846	0.466753762761448
TTCG	0.00334226838666443	0.00532254630615286	0.467290978950762
CGCT	0.00158317976210421	0.00253546751311282	0.471896963977689
CCGT	0.00144077734963981	0.00233224301778698	0.482540829679766
TCCA	0.00500083766124979	0.00809994774227263	0.485371726285421
ACTC	0.00277265873680684	0.00450964832484952	0.488155818874425
TCAT	0.0055872005361032	0.00921284378810459	0.503772888388246
TTGT	0.00624476461718881	0.0106354152553854	0.536874073326588
ACCC	0.00225330876193667	0.00389997483887201	0.550222152971319
CCAT	0.0049463896800134	0.00862252501596764	0.55942126467958
GTTT	0.00635784888591054	0.0110999283875588	0.562032408277117
ATCT	0.0060939855922265	0.011245088741363	0.617825323771543
TTAT	0.0103074216786731	0.0190160063483461	0.621255101693506
ACTT	0.00681018596079745	0.0127257243501655	0.631179966257156
TATC	0.00534009046741498	0.0102967077631757	0.661577301076557
ATTC	0.00665940693583515	0.0129289488454913	0.66977003721022
TGTT	0.00572122633606969	0.0118934716550216	0.73803358192396
ATCC	0.00513486346121628	0.0107515435384288	0.744657742893219
CATT	0.00780700284804825	0.0166644086167186	0.76722127759669
TCGT	0.00225330876193667	0.00499351617086341	0.798490782368405
TATT	0.01148014742838	0.0255095128418526	0.812726171025068
CCCC	0.00162925113084269	0.00368707298662589	0.818775741596256
ATTT	0.0139470598090132	0.0316449571293088	0.837421328998238
CCTC	0.00203970514324007	0.00471287282017535	0.840174628144397
CGTT	0.00234545149941364	0.00557415758608009	0.868904824661619
CTTC	0.00376528731780868	0.00972574370487932	0.954953142719893
CCCT	0.0022951918244262	0.00625157257049955	1.00598998539317
CTCT	0.00295275590551181	0.00819672131147541	1.02626866998383
CTCC	0.00230775674317306	0.00654189327810788	1.04620363131494
TCCT	0.00439772156140057	0.0124547583563977	1.04914171629222
CCTT	0.00462807840509298	0.0133547525499835	1.06853647521179
TCTC	0.00297788574300553	0.00868058915748931	1.07561199162199
TTTT	0.0117063159658234	0.0338610718640525	1.08480977248221
CTTT	0.00757245769810689	0.0228095302610951	1.11813318282505
TTCT	0.00609817389847546	0.0186772988561364	1.1320565346312
TTTC	0.00793265203551684	0.0242998432268179	1.1361181615909
TCCC	0.00299882727425029	0.00968703427719821	1.17929794130375
TTCC	0.00498408443625398	0.0171482764627325	1.24794841251487
TCTT	0.0060144077734964	0.0215805059322198	1.29341672094278
