motif	5' proportion	3' proportion	gamma
AGG	0.0072796751469896	0.0003725782414307	-2.97932811127074
TAG	0.0133507247764242	0.000880639479745292	-2.73123724710736
CAG	0.0102234561105394	0.000719753420945671	-2.66308735743731
AAG	0.0174752092158693	0.00130402384500745	-2.6116533393409
AGA	0.0147069382284661	0.00118547622273405	-2.53180477914773
GAG	0.00845240089669642	0.000906042541661022	-2.2407014211283
AGC	0.0115078700268849	0.00126168540848124	-2.22089481453921
AGT	0.015432911311618	0.00229474325972091	-1.91913721745057
GGG	0.00446353780245554	0.000846768730524319	-1.66589574956948
GGA	0.0104029549497802	0.00229474325972091	-1.5196289914193
GAA	0.0201876361199531	0.0064693131012058	-1.15190426888462
GGC	0.00598329464136132	0.00207458338978458	-1.06313553005555
AAA	0.0393421566984978	0.0150301449668067	-0.987231518056841
GCG	0.00504192295112047	0.00188829426906923	-0.985278225790695
CGG	0.00430797214178015	0.00163426364991194	-0.971956634445902
TGG	0.0120264222291363	0.00486892020051484	-0.911452406652171
GCA	0.0124731748956912	0.0054701259991871	-0.831345155223502
GGT	0.00744720739694772	0.00353102560628641	-0.750188549205263
GTG	0.00994423569394251	0.00512295081967213	-0.668120342786728
GAC	0.00684887793281159	0.0036665086031703	-0.628044150869123
ACG	0.00611093826037703	0.00345481642053922	-0.572979889836417
ATG	0.0174831869420578	0.00994106489635551	-0.57221254122891
ACA	0.01715610016833	0.00994106489635551	-0.552993821945178
TGA	0.0181852268466442	0.0108386397507113	-0.524946853606099
TAA	0.031811183176571	0.0193486654924807	-0.509984300871927
CGA	0.00931399532505245	0.00561407668337624	-0.509968752438714
GAT	0.0174432983111154	0.0106015445061645	-0.504894909328958
CAA	0.0218549808933458	0.0135228966264734	-0.488526733776207
ATA	0.0317074727361207	0.0197466467958271	-0.485845514380667
GTA	0.0120702997231729	0.00819672131147541	-0.390926870824793
AAC	0.0182849484240002	0.013023303075464	-0.344683268300661
CTG	0.0113403377769268	0.00878099173553719	-0.258362086865215
GCC	0.00781817166471212	0.00630842704240618	-0.216084843953531
GTC	0.0076107507838116	0.00617294404552229	-0.21083373045946
CTA	0.0155086997104085	0.0126591925213386	-0.20590772011554
AAT	0.0380298207404925	0.031440522964368	-0.197099448110265
GCT	0.0117392240863509	0.00981404958677686	-0.181066878489377
TGC	0.0139530431036546	0.0132603983200108	-0.0516178040294353
TCA	0.0182091600252096	0.0180531093347785	-0.00876576561509834
CAC	0.010913529425843	0.0110333965587319	0.0110446699093485
TTA	0.0324613678609323	0.033286478796911	0.0259537289267673
TTG	0.0220943126790002	0.0232353339655873	0.0515213874487013
TAC	0.0149542477403091	0.0160970735672673	0.0748029490961102
CGC	0.00544878698673304	0.00591891342636499	0.0832326903967573
CCG	0.00546474243911001	0.00602899336133315	0.0988305793878981
CCA	0.0153531340497331	0.0175027096599377	0.133221560189973
TCG	0.00906269695011528	0.0104914645711963	0.147838151204393
ACC	0.0103510997295551	0.0124136295894865	0.183788538666727
ACT	0.017271777198063	0.0206865600867091	0.183891274678616
GTT	0.0167651915850944	0.020822043083593	0.220841942281231
CAT	0.0204907897151154	0.0264699905161902	0.262159144623992
ATC	0.0201238143104452	0.0268510364449262	0.295289571095888
TGT	0.0167651915850944	0.0224563067335049	0.298071661702033
TAT	0.0315000518552202	0.0444553583525268	0.357963256527096
CGT	0.0066454459150053	0.00967009890258773	0.37815627465688
ATT	0.0375591348953721	0.0644560357675112	0.568411239292124
CTC	0.00991631365228283	0.019534954613196	0.68778663654873
CCT	0.0116115804673352	0.0244716163121528	0.75860751327827
CCC	0.00841251226575401	0.0181377862078309	0.778133440104158
TCT	0.0172239108409321	0.0401791762633789	0.870684960356457
TTC	0.0213842950482254	0.050001693537461	0.879078924437635
CTT	0.021643571149351	0.0515343449397101	0.898568483019949
TCC	0.0144915396213771	0.0349546131960439	0.901468027606947
TTT	0.039561544168681	0.0967687305243192	0.955877642760927
