Focal_pos	sA	sT	sG	sC	sAG	ll
1	-0.235183880856726	0.301968607900197	-0.284932073280229	0.218147346236758	-1.68920977794041	-5208.92273428246
2	-0.0977174125941121	0.29501051000498	-0.32317859704049	0.125885499629621	-1.59114673037634	-5216.75821163119
3	-0.117262967487572	0.378107062702907	-0.417899537632464	0.15705544241713	-2.27442261897979	-5142.47507211631
4	-0.302964729617813	0.375660501593933	-0.356922101621966	0.284226329645846	-2.0170505490654	-5083.98427457369
5	-0.190627392313053	0.221939838118251	-0.443212576714098	0.4119001309089	-2.88196568207531	-5135.92022245425
6	-0.0599184600946708	0.14702744708708	-0.457613079673164	0.370504092680755	-2.96493882200971	-5211.86391393528
7	-0.285678796979606	0.355720338328776	-0.653941496589735	0.583899955240564	-2.07262761735568	-5135.21443501342
8	-0.519416297234762	0.617015999999751	-0.548778207071386	0.451178504306397	-2.34099436317141	-4880.48397687656
9	-0.443959116832539	0.863223742845317	-0.803139767459814	0.383875141447036	-2.02368269155501	-4598.8547955772
10	-0.0898556418022745	-0.061675480826304	0.392322543067788	-0.240791420439209	-0.104574174196493	-4986.31242881628
