Focal_pos	ll	Bases	Gamma	LB	UB
1	-5208.92273428246	sA	-0.235183880856726	-0.322285910150238	-0.144076470045446
2	-5216.75821163119	sA	-0.0977174125941121	-0.170320501814328	-0.00357422166844784
3	-5142.47507211631	sA	-0.117262967487572	-0.196348424413413	-0.0192724302859154
4	-5083.98427457369	sA	-0.302964729617813	-0.392024107218536	-0.200744004411359
5	-5135.92022245425	sA	-0.190627392313053	-0.287367190311572	0.585117619701554
6	-5211.86391393528	sA	-0.0599184600946708	-0.149345966858267	0.695894078273187
7	-5135.21443501342	sA	-0.285678796979606	-0.372030416501226	-0.191051815305495
8	-4880.48397687656	sA	-0.519416297234762	-0.62264794788477	-0.34905801392647
9	-4598.8547955772	sA	-0.443959116832539	-0.549608553715384	-0.035278798080673
1	-5208.92273428246	sT	0.301968607900197	0.219883235575933	0.381461316936056
2	-5216.75821163119	sT	0.29501051000498	0.225666048423935	0.364062196430197
3	-5142.47507211631	sT	0.378107062702907	0.299915243698532	0.455625688968323
4	-5083.98427457369	sT	0.375660501593933	0.296980716560368	0.452302806607612
5	-5135.92022245425	sT	0.221939838118251	-0.0456919393408209	0.297887087053053
6	-5211.86391393528	sT	0.14702744708708	-0.115763546348879	0.221475233898356
7	-5135.21443501342	sT	0.355720338328776	0.275247727663404	0.437913991773646
8	-4880.48397687656	sT	0.617015999999751	0.512885517327324	0.697422650833727
9	-4598.8547955772	sT	0.863223742845317	0.729321337280881	0.943161711103401
1	-5208.92273428246	sG	-0.284932073280229	-0.39110267603078	-0.195367908251064
2	-5216.75821163119	sG	-0.32317859704049	-0.434342056494895	-0.234362458064118
3	-5142.47507211631	sG	-0.417899537632464	-0.531381351349834	-0.318472343779104
4	-5083.98427457369	sG	-0.356922101621966	-0.464286798602275	-0.257343848408741
5	-5135.92022245425	sG	-0.443212576714098	-0.705748929774139	-0.349072287996678
6	-5211.86391393528	sG	-0.457613079673164	-0.713107442572099	-0.363774879199405
7	-5135.21443501342	sG	-0.653941496589735	-0.785796470402242	-0.550977310161188
8	-4880.48397687656	sG	-0.548778207071386	-0.711499650125169	-0.436784381419705
9	-4598.8547955772	sG	-0.803139767459814	-0.97069070204645	-0.678232993591303
1	-5208.92273428246	sC	0.218147346236758	0.137554690307669	0.306115480791977
2	-5216.75821163119	sC	0.125885499629621	0.0281875415325317	0.212029256017003
3	-5142.47507211631	sC	0.15705544241713	0.0638080430983084	0.247758345169605
4	-5083.98427457369	sC	0.284226329645846	0.198703503027892	0.370318948288258
5	-5135.92022245425	sC	0.4119001309089	0.16361966471079	0.499041708290557
6	-5211.86391393528	sC	0.370504092680755	0.128113696102243	0.449178798810883
7	-5135.21443501342	sC	0.583899955240564	0.498819140626071	0.666893042526803
8	-4880.48397687656	sC	0.451178504306397	0.335035515003376	0.538050260290744
9	-4598.8547955772	sC	0.383875141447036	0.254177546254058	0.474380582615375
1	-5208.92273428246	sAG	-1.68920977794041	-2.39616464943859	-1.16334382683751
2	-5216.75821163119	sAG	-1.59114673037634	-2.26275732201423	-1.11777623160271
3	-5142.47507211631	sAG	-2.27442261897979	-3.47350395914773	-1.65654225075297
4	-5083.98427457369	sAG	-2.0170505490654	-2.87641655938544	-1.46704605389667
5	-5135.92022245425	sAG	-2.88196568207531	-5.48928	-2.05646144589031
6	-5211.86391393528	sAG	-2.96493882200971	-5.39044	-2.15586342958819
7	-5135.21443501342	sAG	-2.07262761735568	-3.27833738863546	-1.41670196802975
8	-4880.48397687656	sAG	-2.34099436317141	-3.85062419493502	-1.60784234134142
9	-4598.8547955772	sAG	-2.02368269155501	-5.2219	-1.10492158509904
