Focal_pos	sA	sT	sG	sC	sAG	ll
1	-0.328928254107124	0.404109947358392	-0.395907177200032	0.320725483948764	0	-5235.34075525126
2	-0.182364078492055	0.389753200246284	-0.427955796646801	0.220566674892572	0	-5239.80540650838
3	-0.209640056409066	0.497844508138453	-0.566863230240808	0.278658778511421	0	-5176.46439523163
4	-0.396812199307404	0.487219682085785	-0.487168639994326	0.396761157215945	0	-5114.39461733788
5	-0.350746996408593	0.347871587484128	-0.53619037947338	0.539065788397844	0	-5169.62400229278
6	-0.220700005185649	0.278956784801347	-0.560447650626481	0.502190871010783	0	-5248.46315786177
7	-0.33420197150182	0.453659094127289	-0.801715456688203	0.682258334062735	0	-5157.66129148874
8	-0.602723031357092	0.713947951537094	-0.659834816616286	0.548609896436284	0	-4902.93527436445
9	-0.494816971384772	0.92684975636393	-0.879633204092232	0.447600419113074	0	-4609.41676188495
10	-0.108291013054693	-0.0504737398971625	0.388294795385091	-0.229530042433235	0	-4986.57556398081
